# Results collected after 10000 snapshots.
-57.21180	0.01108
-57.07248	0.01108
-56.93316	0.01119
-56.79384	0.01119
-56.65452	0.01139
-56.51520	0.01159
-56.37588	0.01169
-56.23657	0.01169
-56.09725	0.01179
-55.95793	0.01179
-55.81861	0.01189
-55.67929	0.01189
-55.53997	0.01189
-55.40065	0.01189
-55.26133	0.01199
-55.12201	0.01209
-54.98270	0.01209
-54.84338	0.01209
-54.70406	0.01219
-54.56474	0.01219
-54.42542	0.01219
-54.28610	0.01844
-54.14678	0.01844
-54.00746	0.01844
-53.86815	0.01874
-53.72883	0.01874
-53.58951	0.01894
-53.45019	0.01894
-53.31087	0.01894
-53.17155	0.01904
-53.03223	0.01915
-52.89291	0.01915
-52.75359	0.01925
-52.61428	0.01925
-52.47496	0.01925
-52.33564	0.01945
-52.19632	0.01945
-52.05700	0.01945
-51.91768	0.01955
-51.77836	0.01965
-51.63904	0.01965
-51.49973	0.01965
-51.36041	0.01965
-51.22109	0.01975
-51.08177	0.01985
-50.94245	0.01995
-50.80313	0.02005
-50.66381	0.02005
-50.52449	0.02005
-50.38517	0.02005
-50.24586	0.02015
-50.10654	0.02025
-49.96722	0.02025
-49.82790	0.02025
-49.68858	0.02025
-49.54926	0.02035
-49.40994	0.02035
-49.27062	0.02046
-49.13131	0.02046
-48.99199	0.02046
-48.85267	0.02066
-48.71335	0.02660
-48.57403	0.02680
-48.43471	0.02690
-48.29539	0.02690
-48.15607	0.04444
-48.01675	0.04454
-47.87744	0.04464
-47.73812	0.05441
-47.59880	0.05945
-47.45948	0.05955
-47.32016	0.05996
-47.18084	0.06640
-47.04152	0.06671
-46.90220	0.06701
-46.76289	0.06721
-46.62357	0.06741
-46.48425	0.06771
-46.34493	0.06792
-46.20561	0.06802
-46.06629	0.06852
-45.92697	0.06862
-45.78765	0.06872
-45.64833	0.06882
-45.50902	0.06892
-45.36970	0.07517
-45.23038	0.07537
-45.09106	0.09341
-44.95174	0.09825
-44.81242	0.11084
-44.67310	0.11114
-44.53378	0.11769
-44.39447	0.11810
-44.25515	0.11820
-44.11583	0.11911
-43.97651	0.11941
-43.83719	0.11961
-43.69787	0.11961
-43.55855	0.12576
-43.41923	0.13140
-43.27992	0.14389
-43.14060	0.16133
-43.00128	0.16778
-42.86196	0.16798
-42.72264	0.16848
-42.58332	0.16909
-42.44400	0.16969
-42.30468	0.17735
-42.16536	0.19085
-42.02605	0.19831
-41.88673	0.19881
-41.74741	0.19982
-41.60809	0.20042
-41.46877	0.20093
-41.32945	0.20153
-41.19013	0.20204
-41.05081	0.20274
-40.91150	0.20375
-40.77218	0.20435
-40.63286	0.20496
-40.49354	0.20586
-40.35422	0.20647
-40.21490	0.20697
-40.07558	0.20728
-39.93626	0.20778
-39.79694	0.20818
-39.65763	0.20889
-39.51831	0.20969
-39.37899	0.21030
-39.23967	0.21060
-39.10035	0.21171
-38.96103	0.21241
-38.82171	0.21292
-38.68239	0.21342
-38.54308	0.21372
-38.40376	0.21413
-38.26444	0.21463
-38.12512	0.21514
-37.98580	0.21574
-37.84648	0.21634
-37.70716	0.21695
-37.56784	0.21715
-37.42852	0.21765
-37.28921	0.21786
-37.14989	0.21826
-37.01057	0.21826
-36.87125	0.21866
-36.73193	0.21896
-36.59261	0.21947
-36.45329	0.21957
-36.31397	0.21967
-36.17466	0.21997
-36.03534	0.22037
-35.89602	0.22078
-35.75670	0.22088
-35.61738	0.22148
-35.47806	0.22179
-35.33874	0.22219
-35.19942	0.22259
-35.06010	0.22299
-34.92079	0.22370
-34.78147	0.22400
-34.64215	0.22420
-34.50283	0.22461
-34.36351	0.22491
-34.22419	0.22511
-34.08487	0.22551
-33.94555	0.22612
-33.80624	0.22642
-33.66692	0.22652
-33.52760	0.22672
-33.38828	0.22703
-33.24896	0.22733
-33.10964	0.22743
-32.97032	0.22773
-32.83100	0.22813
-32.69168	0.22854
-32.55237	0.22874
-32.41305	0.22914
-32.27373	0.22944
-32.13441	0.22954
-31.99509	0.23005
-31.85577	0.23045
-31.71645	0.23116
-31.57713	0.23126
-31.43782	0.23156
-31.29850	0.23166
-31.15918	0.23166
-31.01986	0.23186
-30.88054	0.23186
-30.74122	0.23206
-30.60190	0.23216
-30.46258	0.23237
-30.32326	0.23247
-30.18395	0.25504
-30.04463	0.35248
-29.90531	0.48942
-29.76599	0.60107
-29.62667	0.60308
-29.48735	0.60490
-29.34803	0.60621
-29.20871	0.60812
-29.06940	0.60994
-28.93008	0.61185
-28.79076	0.61366
-28.65144	0.61538
-28.51212	0.61689
-28.37280	0.61830
-28.23348	0.61981
-28.09416	0.62183
-27.95484	0.62283
-27.81553	0.62465
-27.67621	0.62646
-27.53689	0.62868
-27.39757	0.63009
-27.25825	0.63200
-27.11893	0.63351
-26.97961	0.79988
-26.84029	0.82094
-26.70098	0.82245
-26.56166	0.82517
-26.42234	0.82739
-26.28302	0.82971
-26.14370	0.83202
-26.00438	0.83364
-25.86506	0.83575
-25.72574	0.83847
-25.58643	0.84059
-25.44711	0.84281
-25.30779	0.84462
-25.16847	0.84663
-25.02915	0.84875
-24.88983	0.85167
-24.75051	0.85349
-24.61119	0.85490
-24.47187	0.85621
-24.33256	0.85822
-24.19324	0.86004
-24.05392	0.86104
-23.91460	0.86266
-23.77528	0.86417
-23.63596	0.86528
-23.49664	0.86739
-23.35732	0.86991
-23.21801	0.87142
-23.07869	0.87263
-22.93937	0.87485
-22.80005	0.87717
-22.66073	0.87848
-22.52141	0.88100
-22.38209	0.88321
-22.24277	0.88472
-22.10345	0.88573
-21.96414	0.88704
-21.82482	0.88785
-21.68550	0.88875
-21.54618	0.89097
-21.40686	0.89218
-21.26754	0.89359
-21.12822	0.89500
-20.98890	0.89611
-20.84959	0.89752
-20.71027	0.89893
-20.57095	0.90075
-20.43163	0.90236
-20.29231	0.90397
-20.15299	0.90508
-20.01367	0.90649
-19.87435	0.90830
-19.73503	0.90901
-19.59572	0.91052
-19.45640	0.91213
-19.31708	0.91294
-19.17776	0.91415
-19.03844	0.91536
-18.89912	0.91636
-18.75980	0.91798
-18.62048	0.91969
-18.48117	0.92110
-18.34185	0.92170
-18.20253	0.92281
-18.06321	0.92312
-17.92389	0.92422
-17.78457	0.92543
-17.64525	0.92664
-17.50593	0.92785
-17.36661	0.92916
-17.22730	0.92987
-17.08798	0.93098
-16.94866	0.93178
-16.80934	0.93289
-16.67002	0.93329
-16.53070	0.93410
-16.39138	0.93501
-16.25206	0.93581
-16.11275	0.93702
-15.97343	0.93813
-15.83411	0.93873
-15.69479	0.93964
-15.55547	0.94025
-15.41615	0.94105
-15.27683	0.94236
-15.13751	0.94418
-14.99819	0.94518
-14.85888	0.94609
-14.71956	0.94730
-14.58024	0.94790
-14.44092	0.94861
-14.30160	0.94952
-14.16228	0.95093
-14.02296	0.95183
-13.88364	0.95264
-13.74433	0.95324
-13.60501	0.95435
-13.46569	0.95496
-13.32637	0.95556
-13.18705	0.95647
-13.04773	0.95677
-12.90841	0.95738
-12.76909	0.95838
-12.62977	0.95909
-12.49046	0.95949
-12.35114	0.95990
-12.21182	0.96070
-12.07250	0.96131
-11.93318	0.96181
-11.79386	0.96231
-11.65454	0.96302
-11.51522	0.96362
-11.37591	0.96443
-11.23659	0.96534
-11.09727	0.96564
-10.95795	0.96665
-10.81863	0.96755
-10.67931	0.96826
-10.53999	0.96876
-10.40067	0.96917
-10.26135	0.96967
-10.12204	0.97027
-9.98272	0.97088
-9.84340	0.97128
-9.70408	0.97219
-9.56476	0.97310
-9.42544	0.97400
-9.28612	0.97481
-9.14680	0.97501
-9.00749	0.97521
-8.86817	0.97561
-8.72885	0.97632
-8.58953	0.97672
-8.45021	0.97692
-8.31089	0.97733
-8.17157	0.97763
-8.03225	0.97793
-7.89293	0.97854
-7.75362	0.97904
-7.61430	0.97944
-7.47498	0.97975
-7.33566	0.98025
-7.19634	0.98065
-7.05702	0.98116
-6.91770	0.98126
-6.77838	0.98136
-6.63907	0.98206
-6.49975	0.98267
-6.36043	0.98317
-6.22111	0.98327
-6.08179	0.98327
-5.94247	0.98368
-5.80315	0.98388
-5.66383	0.98438
-5.52452	0.98468
-5.38520	0.98539
-5.24588	0.98569
-5.10656	0.98599
-4.96724	0.98640
-4.82792	0.98650
-4.68860	0.98710
-4.54928	0.98761
-4.40996	0.98791
-4.27065	0.98811
-4.13133	0.98821
-3.99201	0.98821
-3.85269	0.98871
-3.71337	0.98892
-3.57405	0.98892
-3.43473	0.98922
-3.29541	0.98942
-3.15610	0.98982
-3.01678	0.99012
-2.87746	0.99043
-2.73814	0.99043
-2.59882	0.99053
-2.45950	0.99063
-2.32018	0.99093
-2.18086	0.99234
-2.04154	0.99305
-1.90223	0.99315
-1.76291	0.99315
-1.62359	0.99315
-1.48427	0.99315
-1.34495	0.99345
-1.20563	0.99355
-1.06631	0.99355
-0.92699	0.99375
-0.78768	0.99385
-0.64836	0.99405
-0.50904	0.99416
-0.36972	0.99416
-0.23040	0.99416
-0.09108	0.99436
0.04824	0.99456
0.18756	0.99476
0.32688	0.99476
0.46619	0.99486
0.60551	0.99516
0.74483	0.99547
0.88415	0.99708
1.02347	0.99708
1.16279	0.99708
1.30211	0.99708
1.44143	0.99708
1.58074	0.99708
1.72006	0.99728
1.85938	0.99728
1.99870	0.99728
2.13802	0.99728
2.27734	0.99738
2.41666	0.99738
2.55598	0.99748
2.69530	0.99748
2.83461	0.99748
2.97393	0.99748
3.11325	0.99748
3.25257	0.99748
3.39189	0.99748
3.53121	0.99748
3.67053	0.99768
3.80985	0.99768
3.94916	0.99768
4.08848	0.99768
4.22780	0.99778
4.36712	0.99788
4.50644	0.99798
4.64576	0.99798
4.78508	0.99798
4.92440	0.99809
5.06372	0.99809
5.20303	0.99819
5.34235	0.99819
5.48167	0.99829
5.62099	0.99839
5.76031	0.99839
5.89963	0.99839
6.03895	0.99839
6.17827	0.99849
6.31758	0.99859
6.45690	0.99869
6.59622	0.99869
6.73554	0.99869
6.87486	0.99869
7.01418	0.99879
7.15350	0.99889
7.29282	0.99889
7.43214	0.99889
7.57145	0.99889
7.71077	0.99899
7.85009	0.99899
7.98941	0.99909
8.12873	0.99929
8.26805	0.99929
8.40737	0.99940
8.54669	0.99950
8.68600	0.99950
8.82532	0.99950
8.96464	0.99960
9.10396	0.99960
9.24328	0.99960
9.38260	0.99960
9.52192	0.99980
9.66124	0.99980
9.80056	0.99980
9.93987	0.99990
10.07919	0.99990
10.21851	0.99990
10.35783	0.99990
10.49715	0.99990
10.63647	0.99990
10.77579	0.99990
10.91511	0.99990
11.05442	0.99990
11.19374	0.99990
11.33306	0.99990
11.47238	0.99990
11.61170	0.99990
11.75102	0.99990
11.89034	0.99990
12.02966	0.99990
12.16898	0.99990
12.30829	1.00000
