# Results collected after 10000 snapshots.
7.04427	0.00000
7.04627	0.00000
7.04827	0.00000
7.05027	0.00000
7.05227	0.00000
7.05427	0.00000
7.05627	0.00000
7.05827	0.00000
7.06027	0.00000
7.06227	0.00000
7.06427	0.00000
7.06627	0.00000
7.06827	0.00000
7.07027	0.00000
7.07227	0.00000
7.07427	0.00000
7.07627	0.00000
7.07827	0.00000
7.08027	0.00000
7.08227	0.00000
7.08427	0.00000
7.08627	0.00000
7.08827	0.00000
7.09027	0.00000
7.09227	0.00000
7.09427	0.00000
7.09627	0.00000
7.09827	0.00000
7.10027	0.00000
7.10227	0.00000
7.10427	0.00000
7.10627	0.00000
7.10827	0.00000
7.11027	0.00000
7.11227	0.00000
7.11427	0.00000
7.11627	0.00000
7.11827	0.00000
7.12027	0.00000
7.12227	0.00000
7.12427	0.00000
7.12627	0.00000
7.12827	0.00000
7.13027	0.00000
7.13227	0.00000
7.13427	0.00000
7.13627	0.00000
7.13827	0.00000
7.14027	0.00000
7.14227	0.00000
7.14427	0.00000
7.14627	0.00000
7.14827	0.00000
7.15027	0.00000
7.15227	0.00000
7.15427	0.00000
7.15627	0.00000
7.15827	0.00000
7.16027	0.00000
7.16227	0.00000
7.16427	0.00000
7.16627	0.00000
7.16827	0.00000
7.17027	0.00000
7.17227	0.00000
7.17427	0.00000
7.17627	0.00000
7.17827	0.00000
7.18027	0.00000
7.18227	0.00000
7.18427	0.00000
7.18627	0.00000
7.18827	0.00000
7.19027	0.00000
7.19227	0.00000
7.19427	0.00000
7.19627	0.00000
7.19827	0.00000
7.20027	0.00000
7.20227	0.00000
7.20427	0.00000
7.20627	0.00000
7.20827	0.00000
7.21027	0.00000
7.21227	0.00000
7.21427	0.00000
7.21627	0.00000
7.21827	0.00000
7.22027	0.00000
7.22227	0.00000
7.22427	0.00000
7.22627	0.00000
7.22827	0.00000
7.23027	0.00000
7.23227	0.00000
7.23427	0.00000
7.23627	0.00000
7.23827	0.00000
7.24027	0.00000
7.24227	0.00000
7.24427	0.00000
7.24627	0.00000
7.24827	0.00000
7.25027	0.00000
7.25227	0.00000
7.25427	0.00000
7.25627	0.00000
7.25827	0.00000
7.26027	0.00000
7.26227	0.00000
7.26427	0.00000
7.26627	0.00000
7.26827	0.00000
7.27027	0.00000
7.27227	0.00000
7.27427	0.00000
7.27627	0.00000
7.27827	0.00000
7.28027	0.00000
7.28227	0.00000
7.28427	0.00000
7.28627	0.00000
7.28827	0.00000
7.29027	0.00000
7.29227	0.00000
7.29427	0.00000
7.29627	0.00000
7.29827	0.00000
7.30027	0.00000
7.30227	0.00000
7.30427	0.00000
7.30627	0.00000
7.30827	0.00000
7.31027	0.00000
7.31227	0.00000
7.31427	0.00000
7.31627	0.00000
7.31827	0.00000
7.32027	0.00000
7.32227	0.00000
7.32427	0.00000
7.32627	0.00000
7.32827	0.00000
7.33027	0.00000
7.33227	0.00000
7.33427	0.00000
7.33627	0.00000
7.33827	0.00000
7.34027	0.00000
7.34227	0.00000
7.34427	0.00000
7.34627	0.00000
7.34827	0.00000
7.35027	0.00000
7.35227	0.00000
7.35427	0.00000
7.35627	0.00000
7.35827	0.00000
7.36027	0.00000
7.36227	0.00000
7.36427	0.00000
7.36627	0.00000
7.36827	0.00000
7.37027	0.00000
7.37227	0.00000
7.37427	0.00000
7.37627	0.00000
7.37827	0.00000
7.38027	0.00000
7.38227	0.00000
7.38427	0.00000
7.38627	0.00000
7.38827	0.00000
7.39027	0.00000
7.39227	0.00000
7.39427	0.00000
7.39627	0.00000
7.39827	0.00000
7.40027	0.00000
7.40227	0.00000
7.40427	0.00000
7.40627	0.00000
7.40827	0.00000
7.41027	0.00000
7.41227	0.00000
7.41427	0.00000
7.41627	0.00000
7.41827	0.00000
7.42027	0.00000
7.42227	0.00000
7.42427	0.00000
7.42627	0.00000
7.42827	0.00000
7.43027	0.00000
7.43227	0.00000
7.43427	0.00000
7.43627	0.00000
7.43827	0.00000
7.44027	0.00000
7.44227	0.00000
7.44427	0.00000
7.44627	0.00000
7.44827	0.00000
7.45027	0.00000
7.45227	0.00000
7.45427	0.00000
7.45627	0.00000
7.45827	0.00000
7.46027	0.00000
7.46227	0.00000
7.46427	0.00000
7.46627	0.00000
7.46827	0.00000
7.47027	0.00000
7.47227	0.00000
7.47427	0.00000
7.47627	0.00000
7.47827	0.00000
7.48027	0.00000
7.48227	0.00000
7.48427	0.00000
7.48627	0.00000
7.48827	0.00000
7.49027	0.00000
7.49227	0.00000
7.49427	0.00000
7.49627	0.00000
7.49827	0.00000
7.50027	0.00000
7.50227	0.00000
7.50427	0.00000
7.50627	0.00000
7.50827	0.00000
7.51027	0.00000
7.51227	0.00000
7.51427	0.00000
7.51627	0.00000
7.51827	0.00000
7.52027	0.00000
7.52227	0.00000
7.52427	0.00000
7.52627	0.00000
7.52827	0.00000
7.53027	0.00000
7.53227	0.00000
7.53427	0.00000
7.53627	0.00000
7.53827	0.00000
7.54027	0.00000
7.54227	0.00000
7.54427	1.00000
7.54627	1.00000
7.54827	1.00000
7.55027	1.00000
7.55227	1.00000
7.55427	1.00000
7.55627	1.00000
7.55827	1.00000
7.56027	1.00000
7.56227	1.00000
7.56427	1.00000
7.56627	1.00000
7.56827	1.00000
7.57027	1.00000
7.57227	1.00000
7.57427	1.00000
7.57627	1.00000
7.57827	1.00000
7.58027	1.00000
7.58227	1.00000
7.58427	1.00000
7.58627	1.00000
7.58827	1.00000
7.59027	1.00000
7.59227	1.00000
7.59427	1.00000
7.59627	1.00000
7.59827	1.00000
7.60027	1.00000
7.60227	1.00000
7.60427	1.00000
7.60627	1.00000
7.60827	1.00000
7.61027	1.00000
7.61227	1.00000
7.61427	1.00000
7.61627	1.00000
7.61827	1.00000
7.62027	1.00000
7.62227	1.00000
7.62427	1.00000
7.62627	1.00000
7.62827	1.00000
7.63027	1.00000
7.63227	1.00000
7.63427	1.00000
7.63627	1.00000
7.63827	1.00000
7.64027	1.00000
7.64227	1.00000
7.64427	1.00000
7.64627	1.00000
7.64827	1.00000
7.65027	1.00000
7.65227	1.00000
7.65427	1.00000
7.65627	1.00000
7.65827	1.00000
7.66027	1.00000
7.66227	1.00000
7.66427	1.00000
7.66627	1.00000
7.66827	1.00000
7.67027	1.00000
7.67227	1.00000
7.67427	1.00000
7.67627	1.00000
7.67827	1.00000
7.68027	1.00000
7.68227	1.00000
7.68427	1.00000
7.68627	1.00000
7.68827	1.00000
7.69027	1.00000
7.69227	1.00000
7.69427	1.00000
7.69627	1.00000
7.69827	1.00000
7.70027	1.00000
7.70227	1.00000
7.70427	1.00000
7.70627	1.00000
7.70827	1.00000
7.71027	1.00000
7.71227	1.00000
7.71427	1.00000
7.71627	1.00000
7.71827	1.00000
7.72027	1.00000
7.72227	1.00000
7.72427	1.00000
7.72627	1.00000
7.72827	1.00000
7.73027	1.00000
7.73227	1.00000
7.73427	1.00000
7.73627	1.00000
7.73827	1.00000
7.74027	1.00000
7.74227	1.00000
7.74427	1.00000
7.74627	1.00000
7.74827	1.00000
7.75027	1.00000
7.75227	1.00000
7.75427	1.00000
7.75627	1.00000
7.75827	1.00000
7.76027	1.00000
7.76227	1.00000
7.76427	1.00000
7.76627	1.00000
7.76827	1.00000
7.77027	1.00000
7.77227	1.00000
7.77427	1.00000
7.77627	1.00000
7.77827	1.00000
7.78027	1.00000
7.78227	1.00000
7.78427	1.00000
7.78627	1.00000
7.78827	1.00000
7.79027	1.00000
7.79227	1.00000
7.79427	1.00000
7.79627	1.00000
7.79827	1.00000
7.80027	1.00000
7.80227	1.00000
7.80427	1.00000
7.80627	1.00000
7.80827	1.00000
7.81027	1.00000
7.81227	1.00000
7.81427	1.00000
7.81627	1.00000
7.81827	1.00000
7.82027	1.00000
7.82227	1.00000
7.82427	1.00000
7.82627	1.00000
7.82827	1.00000
7.83027	1.00000
7.83227	1.00000
7.83427	1.00000
7.83627	1.00000
7.83827	1.00000
7.84027	1.00000
7.84227	1.00000
7.84427	1.00000
7.84627	1.00000
7.84827	1.00000
7.85027	1.00000
7.85227	1.00000
7.85427	1.00000
7.85627	1.00000
7.85827	1.00000
7.86027	1.00000
7.86227	1.00000
7.86427	1.00000
7.86627	1.00000
7.86827	1.00000
7.87027	1.00000
7.87227	1.00000
7.87427	1.00000
7.87627	1.00000
7.87827	1.00000
7.88027	1.00000
7.88227	1.00000
7.88427	1.00000
7.88627	1.00000
7.88827	1.00000
7.89027	1.00000
7.89227	1.00000
7.89427	1.00000
7.89627	1.00000
7.89827	1.00000
7.90027	1.00000
7.90227	1.00000
7.90427	1.00000
7.90627	1.00000
7.90827	1.00000
7.91027	1.00000
7.91227	1.00000
7.91427	1.00000
7.91627	1.00000
7.91827	1.00000
7.92027	1.00000
7.92227	1.00000
7.92427	1.00000
7.92627	1.00000
7.92827	1.00000
7.93027	1.00000
7.93227	1.00000
7.93427	1.00000
7.93627	1.00000
7.93827	1.00000
7.94027	1.00000
7.94227	1.00000
7.94427	1.00000
7.94627	1.00000
7.94827	1.00000
7.95027	1.00000
7.95227	1.00000
7.95427	1.00000
7.95627	1.00000
7.95827	1.00000
7.96027	1.00000
7.96227	1.00000
7.96427	1.00000
7.96627	1.00000
7.96827	1.00000
7.97027	1.00000
7.97227	1.00000
7.97427	1.00000
7.97627	1.00000
7.97827	1.00000
7.98027	1.00000
7.98227	1.00000
7.98427	1.00000
7.98627	1.00000
7.98827	1.00000
7.99027	1.00000
7.99227	1.00000
7.99427	1.00000
7.99627	1.00000
7.99827	1.00000
8.00027	1.00000
8.00227	1.00000
8.00427	1.00000
8.00627	1.00000
8.00827	1.00000
8.01027	1.00000
8.01227	1.00000
8.01427	1.00000
8.01627	1.00000
8.01827	1.00000
8.02027	1.00000
8.02227	1.00000
8.02427	1.00000
8.02627	1.00000
8.02827	1.00000
8.03027	1.00000
8.03227	1.00000
8.03427	1.00000
8.03627	1.00000
8.03827	1.00000
8.04027	1.00000
8.04227	1.00000
