 -43.71942
 -47.88915
 -46.02324
 -45.44222
 -39.36723
 -46.68406
 -47.47471
 -36.53519
 -46.03870
 -45.13782
 -39.34516
 -43.71529
 -47.64965
 -46.84402
 -43.09315
 -48.61170
 -48.61973
 -45.66275
 -39.17781
 -46.15326
 -46.89015
 -39.47385
 -47.44649
 -39.04406
 -48.75941
 -40.25865
 -49.39876
 -47.17674
 -39.55415
 -46.62066
 -43.29404
 -47.95218
 -47.28299
 -48.43551
 -45.73721
 -46.88647
 -44.57812
 -45.85646
 -47.29975
 -50.35100
 -42.51403
 -45.43779
 -49.04268
 -47.36243
 -45.65817
 -44.85297
 -45.58747
 -44.53619
 -46.59479
 -47.28932
 -48.22022
 -40.78165
 -42.10319
 -46.14424
 -46.00467
 -48.06378
 -39.11049
 -48.78972
 -50.53462
 -46.45431
 -42.07340
 -49.33315
 -45.73059
 -46.13780
 -48.42615
 -41.99298
 -42.90480
 -40.48959
 -40.33606
 -47.86996
 -46.02378
 -47.04385
 -45.23177
 -41.98839
 -47.46071
 -46.90350
 -46.96553
 -47.90984
 -47.92671
 -43.02420
 -47.51907
 -43.05846
 -46.51614
 -43.52231
 -47.11125
 -43.71106
 -47.59278
 -46.72160
 -50.27084
 -49.66094
 -46.79816
 -46.30865
 -46.92648
 -45.29811
 -45.65703
 -47.50461
 -47.45812
 -40.75556
 -47.65545
 -46.78743
 -46.97322
 -48.67247
 -48.62143
 -47.42523
 -46.40490
 -47.57544
 -49.55140
 -47.25824
 -48.35325
 -50.11822
 -46.40117
 -40.77370
 -46.61600
 -48.08120
 -39.26254
 -48.15725
 -49.03573
 -48.39245
 -47.96037
 -45.50174
 -46.39302
 -48.20611
 -47.05519
 -43.29653
 -40.31485
 -40.36209
 -46.97553
 -48.03997
 -40.36229
 -44.99668
 -50.75109
 -47.71607
 -39.04527
 -46.47140
 -46.77058
 -48.97749
 -44.38808
 -47.95953
 -40.12491
 -48.83242
 -43.60786
 -48.20914
 -46.43477
 -43.75150
 -46.63037
 -45.63595
 -47.68135
 -46.83887
 -46.50055
 -47.42980
 -47.88498
 -44.52948
 -44.95165
 -38.51097
 -40.79629
 -49.67707
 -46.18569
 -47.24797
 -47.65914
 -49.93553
 -45.74936
 -46.54129
 -41.29608
 -49.40595
 -47.56620
 -47.75695
 -46.49485
 -47.51632
 -48.42602
 -47.16232
 -47.36624
 -39.52515
 -46.72290
 -42.10766
 -47.47135
 -37.27293
 -44.47231
 -48.32002
 -46.48328
 -46.19368
 -48.47780
 -47.43306
 -40.80289
 -46.93061
 -40.87453
 -38.19037
 -40.07836
 -47.08421
 -45.37474
 -48.32390
 -43.40837
 -47.67830
 -47.79571
 -39.36232
 -39.14480
 -47.40475
 -47.71749
 -39.55172
 -48.90951
 -47.62746
 -39.03645
 -50.21574
 -42.16802
 -45.76030
 -42.48500
 -39.80648
 -43.02590
 -46.81055
 -48.41764
 -42.11360
 -46.36810
 -45.51688
 -48.17207
 -48.88208
 -40.60282
 -45.89326
 -47.15650
 -42.24845
 -46.20266
 -47.17530
 -48.86852
 -47.97533
 -41.17749
 -47.23508
 -46.84187
 -43.57085
 -40.52249
 -44.39512
 -43.08419
 -39.52024
 -47.06764
 -40.28977
 -50.07150
 -46.33965
 -48.40681
 -46.48672
 -49.38475
 -40.45777
 -39.98089
 -46.15998
 -37.20195
 -47.29029
 -43.57530
 -39.17667
 -47.82440
 -44.65247
 -47.91218
 -47.31896
 -49.17637
 -47.54729
 -48.66998
 -48.58501
 -46.53808
 -47.76672
 -46.35774
 -46.26172
 -51.35838
 -39.26780
 -47.37502
 -47.28009
 -48.14086
 -41.84761
 -46.79434
 -47.21512
 -49.64803
 -49.96261
 -47.93826
 -47.02433
 -50.89079
 -46.21181
 -46.99036
 -46.39103
 -43.88696
 -47.44838
 -47.70686
 -45.87892
 -48.48806
 -46.61860
 -48.24430
 -48.54371
 -46.34892
 -47.54378
 -47.93296
 -47.61732
 -47.66902
 -46.31691
 -48.09300
 -38.09928
 -47.46907
 -49.87612
 -46.41544
 -40.49680
 -47.31453
 -39.00408
 -47.27196
 -47.89137
 -38.94029
 -46.37542
 -45.62369
 -45.81645
 -41.84509
 -41.69456
 -45.14602
 -47.11059
 -40.33616
 -47.73437
 -47.40993
 -39.40168
 -46.44418
 -42.64329
 -37.94406
 -47.26446
 -47.80211
 -44.60531
 -45.66986
 -47.51535
 -48.36731
 -47.91756
 -47.22986
 -39.60994
 -48.36884
 -48.69683
 -42.19255
 -48.38405
 -46.86620
 -45.68268
 -46.66333
 -47.31061
 -47.38404
 -46.94790
 -47.11032
 -48.61682
 -46.53290
 -47.14637
 -47.50925
 -45.70831
 -49.91729
 -47.34529
 -38.82012
 -43.26059
 -46.07661
 -46.91966
 -41.32737
 -38.82515
 -40.44731
 -47.30582
 -48.39025
 -47.56688
 -46.48593
 -41.12847
 -44.32229
 -46.97282
 -41.58813
 -41.61886
 -51.40060
 -38.52435
 -46.75214
 -41.86896
 -46.02527
 -46.86823
 -45.48169
 -46.74676
 -46.71893
 -43.35444
 -40.91929
 -49.47443
 -47.77238
 -43.96310
 -46.70074
 -41.38424
 -45.83404
 -46.54744
 -47.20115
 -46.28810
 -45.64844
 -48.41302
 -38.32210
 -45.73959
 -47.00021
 -45.95499
 -45.86360
 -46.75794
 -40.11006
 -47.89970
 -39.98714
 -44.68192
 -47.30774
 -48.06704
 -46.96214
 -47.64765
 -42.57075
 -54.56540
 -47.94139
 -47.91320
 -43.73289
 -44.75457
 -52.10569
 -46.62503
 -46.09722
 -47.18659
 -44.09452
 -45.08469
 -45.56387
 -46.93854
 -40.68241
 -45.29565
 -43.68620
 -45.62871
 -47.11005
 -46.90372
 -47.04160
 -47.80566
 -38.89821
 -49.63552
 -47.72136
 -41.62656
 -45.77513
 -48.12959
 -47.45059
 -49.09521
 -48.38336
 -45.80069
 -41.03376
 -39.41113
 -47.25469
 -48.33048
 -44.96315
 -47.44478
 -45.94602
 -48.88674
 -47.66878
 -43.83365
 -40.23723
 -42.32875
 -40.31115
 -46.81337
 -47.35987
 -48.42607
 -43.14803
 -45.61166
 -43.95619
 -52.26764
 -48.08026
 -47.02868
 -46.40878
 -47.66710
 -43.65339
 -46.38638
 -46.85688
 -46.46321
 -46.46057
 -45.58317
 -49.60163
 -46.75050
 -46.27088
 -39.44096
 -43.62491
 -46.68196
 -49.67187
 -47.81496
 -47.42160
 -48.11389
 -45.42403
 -48.76749
 -46.39701
 -46.15320
 -43.42528
 -48.78974
 -46.14043
 -45.69667
 -51.80906
 -47.20422
 -47.37959
 -37.90806
 -41.79591
 -46.32039
 -46.90630
 -45.82022
 -46.64753
 -47.65747
 -48.43691
 -46.92354
 -47.01817
 -46.08644
 -45.22050
 -47.45192
 -38.88438
 -45.59509
 -42.76192
 -40.50030
 -38.31717
 -40.76179
 -47.73477
 -43.29478
 -36.72774
 -46.48044
 -48.45025
 -46.27851
 -48.15128
 -44.55430
