# Results collected after 2780 snapshots.
0.00000	-46.04102
1.00000	-72.65211
2.00000	-66.65731
3.00000	-72.75263
4.00000	-66.33291
5.00000	-74.21207
6.00000	-72.51902
7.00000	-67.41727
8.00000	-63.12649
9.00000	-61.51468
10.00000	-66.96074
11.00000	-63.98971
12.00000	-63.51784
13.00000	-69.46423
14.00000	-70.62499
15.00000	-58.23289
16.00000	-44.71101
17.00000	-68.69017
18.00000	-73.74408
19.00000	-62.51757
20.00000	-64.51152
21.00000	-56.63403
22.00000	-47.44022
23.00000	-57.29822
24.00000	-63.25147
25.00000	-67.48319
26.00000	-58.30081
27.00000	-63.98899
28.00000	-71.15482
29.00000	-56.80775
30.00000	-69.86576
31.00000	-61.41208
32.00000	-66.92670
33.00000	-66.91743
34.00000	-73.65197
35.00000	-52.00022
36.00000	-68.58806
37.00000	-66.80954
38.00000	-64.22026
39.00000	-62.59584
40.00000	-63.74816
41.00000	-68.21363
42.00000	-52.26086
43.00000	-71.52865
44.00000	-59.91773
45.00000	-69.68800
46.00000	-73.76613
47.00000	-65.63366
48.00000	-62.66168
49.00000	-65.28361
50.00000	-59.31586
51.00000	-66.72717
52.00000	-59.76283
53.00000	-72.94438
54.00000	-58.75458
55.00000	-50.98129
56.00000	-69.64562
57.00000	-74.08627
58.00000	-58.07339
59.00000	-68.27618
60.00000	-69.87285
61.00000	-67.62585
62.00000	-70.77083
63.00000	-57.31340
64.00000	-74.27798
65.00000	-65.26609
66.00000	-67.94414
67.00000	-65.08478
68.00000	-63.19396
69.00000	-40.96158
70.00000	-64.07496
71.00000	-67.19378
72.00000	-64.55411
73.00000	-63.25532
74.00000	-70.62335
75.00000	-60.92677
76.00000	-62.85599
77.00000	-66.30368
78.00000	-63.95966
79.00000	-68.21247
80.00000	-71.78341
81.00000	-76.80362
82.00000	-67.88082
83.00000	-54.20206
84.00000	-67.54491
85.00000	-72.25229
86.00000	-66.16488
87.00000	-74.78332
88.00000	-63.05951
89.00000	-62.46731
90.00000	-74.38312
91.00000	-72.31523
92.00000	-55.20893
93.00000	-73.67988
94.00000	-62.99467
95.00000	-59.45036
96.00000	-68.20927
97.00000	-69.12933
98.00000	-74.75464
99.00000	-66.37142
100.00000	-55.34897
101.00000	-66.97841
102.00000	-56.14158
103.00000	-63.89016
104.00000	-70.57312
105.00000	-63.71055
106.00000	-64.36404
107.00000	-62.73675
108.00000	-63.88728
109.00000	-59.42294
110.00000	-72.01022
111.00000	-50.85664
112.00000	-52.25636
113.00000	-45.54757
114.00000	-60.49093
115.00000	-68.43624
116.00000	-71.11556
117.00000	-69.08852
118.00000	-64.02113
119.00000	-61.94730
120.00000	-59.11232
121.00000	-69.39577
122.00000	-59.13697
123.00000	-70.55089
124.00000	-75.94443
125.00000	-64.34349
126.00000	-69.22190
127.00000	-52.07889
128.00000	-70.29233
129.00000	-72.27818
130.00000	-68.53862
131.00000	-69.64867
132.00000	-66.32333
133.00000	-76.42650
134.00000	-73.00991
135.00000	-65.50134
136.00000	-46.19961
137.00000	-53.51080
138.00000	-66.07207
139.00000	-60.46381
140.00000	-74.72202
141.00000	-65.18858
142.00000	-56.97017
143.00000	-74.25572
144.00000	-68.50688
145.00000	-59.28498
146.00000	-58.52901
147.00000	-71.28157
148.00000	-55.74224
149.00000	-56.12597
150.00000	-55.31528
151.00000	-74.52867
152.00000	-68.14320
153.00000	-67.17150
154.00000	-74.62622
155.00000	-59.91478
156.00000	-62.80606
157.00000	-68.97877
158.00000	-69.22834
159.00000	-60.57642
160.00000	-56.00169
161.00000	-74.84921
162.00000	-71.70495
163.00000	-73.83969
164.00000	-64.77291
165.00000	-63.31853
166.00000	-64.73402
167.00000	-67.12606
168.00000	-61.15129
169.00000	-65.96639
170.00000	-64.67542
171.00000	-72.19463
172.00000	-63.11511
173.00000	-71.69251
174.00000	-73.71886
175.00000	-53.54599
176.00000	-73.42254
177.00000	-63.26486
178.00000	-65.04092
179.00000	-72.39062
180.00000	-63.78174
181.00000	-62.52068
182.00000	-63.83916
183.00000	-64.36593
184.00000	-69.59390
185.00000	-74.52640
186.00000	-49.77550
187.00000	-73.52506
188.00000	-64.38493
189.00000	-67.37619
190.00000	-66.38714
191.00000	-63.54139
192.00000	-63.76018
193.00000	-66.72329
194.00000	-65.08623
195.00000	-75.83404
196.00000	-61.54089
197.00000	-58.09865
198.00000	-54.23446
199.00000	-61.86787
200.00000	-76.31289
201.00000	-62.62415
202.00000	-57.63262
203.00000	-54.80582
204.00000	-64.28073
205.00000	-61.25975
206.00000	-71.71306
207.00000	-76.67824
208.00000	-66.55085
209.00000	-65.12289
210.00000	-62.59620
211.00000	-47.02581
212.00000	-63.73829
213.00000	-70.93718
214.00000	-65.11803
215.00000	-67.57345
216.00000	-69.96709
217.00000	-60.75181
218.00000	-65.49227
219.00000	-63.16838
220.00000	-56.38455
221.00000	-52.22932
222.00000	-67.28272
223.00000	-71.71931
224.00000	-63.58499
225.00000	-63.45506
226.00000	-71.17754
227.00000	-67.98003
228.00000	-73.64827
229.00000	-58.03242
230.00000	-54.37062
231.00000	-63.71431
232.00000	-63.81914
233.00000	-53.33497
234.00000	-50.59375
235.00000	-57.91266
236.00000	-71.78949
237.00000	-57.36768
238.00000	-71.03330
239.00000	-64.07819
240.00000	-63.06883
241.00000	-50.48578
242.00000	-67.81865
243.00000	-66.51394
244.00000	-70.41604
245.00000	-62.74667
246.00000	-75.54658
247.00000	-49.38820
248.00000	-73.17094
249.00000	-65.25921
250.00000	-63.14821
251.00000	-48.62979
252.00000	-69.57097
253.00000	-57.97504
254.00000	-67.15449
255.00000	-65.15949
256.00000	-58.84268
257.00000	-71.66280
258.00000	-63.78185
259.00000	-63.14900
260.00000	-49.87223
261.00000	-66.66594
262.00000	-66.80522
263.00000	-61.00894
264.00000	-71.66785
265.00000	-76.55508
266.00000	-64.31556
267.00000	-71.26967
268.00000	-66.82682
269.00000	-58.28525
270.00000	-66.99675
271.00000	-62.34697
272.00000	-59.40324
273.00000	-70.83198
274.00000	-61.43283
275.00000	-68.15240
276.00000	-66.95079
277.00000	-67.66934
278.00000	-66.20475
279.00000	-70.21459
280.00000	-52.66758
281.00000	-59.21041
282.00000	-65.51093
283.00000	-71.33462
284.00000	-66.67405
285.00000	-54.09769
286.00000	-38.67199
287.00000	-69.43441
288.00000	-61.23413
289.00000	-64.84290
290.00000	-52.58175
291.00000	-66.75755
292.00000	-72.33636
293.00000	-49.59549
294.00000	-65.31600
295.00000	-66.15960
296.00000	-66.53129
297.00000	-49.70513
298.00000	-43.94884
299.00000	-67.74098
300.00000	-66.95221
301.00000	-64.93069
302.00000	-61.75453
303.00000	-72.55132
304.00000	-65.05998
305.00000	-73.39452
306.00000	-68.30716
307.00000	-70.31504
308.00000	-71.08517
309.00000	-66.41150
310.00000	-49.52069
311.00000	-57.27835
312.00000	-44.03037
313.00000	-60.65678
314.00000	-70.59928
315.00000	-68.74403
316.00000	-56.21539
317.00000	-64.56752
318.00000	-71.30776
319.00000	-67.92449
320.00000	-64.89928
321.00000	-61.32417
322.00000	-66.15517
323.00000	-69.71795
324.00000	-71.93249
325.00000	-70.76849
326.00000	-72.05553
327.00000	-67.33046
328.00000	-67.78391
329.00000	-64.99682
330.00000	-74.89766
331.00000	-57.24867
332.00000	-60.22174
333.00000	-74.20874
334.00000	-57.55985
335.00000	-63.60367
336.00000	-53.08265
337.00000	-71.88631
338.00000	-37.96098
339.00000	-64.01956
340.00000	-58.04180
341.00000	-71.34623
342.00000	-60.16534
343.00000	-63.18740
344.00000	-60.07022
345.00000	-63.22655
346.00000	-74.08450
347.00000	-71.53605
348.00000	-65.61744
349.00000	-57.54915
350.00000	-61.47739
351.00000	-61.47515
352.00000	-65.12981
353.00000	-71.55335
354.00000	-65.42282
355.00000	-66.19538
356.00000	-66.66589
357.00000	-67.72330
358.00000	-70.63001
359.00000	-72.29518
360.00000	-68.52863
361.00000	-69.05747
362.00000	-69.97870
363.00000	-64.28026
364.00000	-58.53256
365.00000	-63.53871
366.00000	-65.34769
367.00000	-52.07308
368.00000	-64.48501
369.00000	-68.98070
370.00000	-61.40848
371.00000	-61.11020
372.00000	-58.70782
373.00000	-68.62354
374.00000	-65.98984
375.00000	-72.08744
376.00000	-70.83589
377.00000	-69.82216
378.00000	-51.59011
379.00000	-73.42902
380.00000	-69.23104
381.00000	-56.74897
382.00000	-62.09462
383.00000	-69.32574
384.00000	-67.96343
385.00000	-67.82334
386.00000	-63.39007
387.00000	-69.70339
388.00000	-67.74297
389.00000	-68.74241
390.00000	-68.38728
391.00000	-75.28518
392.00000	-64.20401
393.00000	-69.12974
394.00000	-65.17433
395.00000	-62.30761
396.00000	-67.78223
397.00000	-57.10764
398.00000	-68.80779
399.00000	-62.83422
400.00000	-72.76099
401.00000	-61.03687
402.00000	-65.72764
403.00000	-78.11789
404.00000	-72.44642
405.00000	-71.94423
406.00000	-69.06386
407.00000	-53.07849
408.00000	-65.21561
409.00000	-67.42809
410.00000	-65.33645
411.00000	-66.24618
412.00000	-66.68004
413.00000	-62.57196
414.00000	-62.47863
415.00000	-64.65573
416.00000	-65.55691
417.00000	-67.12166
418.00000	-71.00827
419.00000	-59.67383
420.00000	-52.39478
421.00000	-73.26404
422.00000	-62.26848
423.00000	-72.82433
424.00000	-67.70258
425.00000	-69.15854
426.00000	-57.38600
427.00000	-54.72962
428.00000	-74.72463
429.00000	-75.36130
430.00000	-58.87401
431.00000	-69.36418
432.00000	-62.12609
433.00000	-59.11050
434.00000	-71.61061
435.00000	-68.14581
436.00000	-68.18003
437.00000	-43.27946
438.00000	-64.34684
439.00000	-71.22234
440.00000	-73.76491
441.00000	-53.86954
442.00000	-66.55579
443.00000	-57.30847
444.00000	-73.32413
445.00000	-73.31708
446.00000	-62.75905
447.00000	-66.81723
448.00000	-75.79125
449.00000	-60.24716
450.00000	-70.09581
451.00000	-64.40943
452.00000	-52.54396
453.00000	-52.89781
454.00000	-71.85181
455.00000	-63.64300
456.00000	-70.26524
457.00000	-69.16198
458.00000	-66.26737
459.00000	-71.20175
460.00000	-64.26537
461.00000	-58.68751
462.00000	-75.54844
463.00000	-58.43609
464.00000	-66.23944
465.00000	-70.07568
466.00000	-64.62098
467.00000	-51.99596
468.00000	-70.47017
469.00000	-72.95272
470.00000	-58.10296
471.00000	-47.35129
472.00000	-63.82197
473.00000	-71.00169
474.00000	-66.98690
475.00000	-63.80479
476.00000	-60.22672
477.00000	-59.29798
478.00000	-56.44442
479.00000	-67.78864
480.00000	-67.39641
481.00000	-54.85479
482.00000	-70.25880
483.00000	-72.97817
484.00000	-57.79401
485.00000	-57.30374
486.00000	-57.05837
487.00000	-67.82066
488.00000	-65.56227
489.00000	-75.46015
490.00000	-67.81230
491.00000	-65.63773
492.00000	-72.05744
493.00000	-69.59791
494.00000	-68.54060
495.00000	-73.42146
496.00000	-55.19446
497.00000	-64.58495
498.00000	-73.71758
499.00000	-60.30173
500.00000	-61.00913
501.00000	-69.07192
502.00000	-71.66124
503.00000	-62.51955
504.00000	-58.00031
505.00000	-60.27648
506.00000	-67.05922
507.00000	-48.95047
508.00000	-52.36773
509.00000	-66.59833
510.00000	-62.89727
511.00000	-65.82507
512.00000	-59.67901
513.00000	-53.77891
514.00000	-61.21334
515.00000	-73.72097
516.00000	-49.35959
517.00000	-65.42110
518.00000	-64.56455
519.00000	-67.09537
520.00000	-69.79325
521.00000	-58.50690
522.00000	-69.63677
523.00000	-66.00571
524.00000	-57.41729
525.00000	-50.19488
526.00000	-75.08016
527.00000	-59.38657
528.00000	-60.57803
529.00000	-59.95492
530.00000	-63.69265
531.00000	-58.27424
532.00000	-62.17272
533.00000	-69.54988
534.00000	-55.36871
535.00000	-63.15501
536.00000	-57.70174
537.00000	-62.81555
538.00000	-64.12042
539.00000	-62.43764
540.00000	-73.22940
541.00000	-60.48254
542.00000	-70.12187
543.00000	-64.97199
544.00000	-72.28175
545.00000	-76.05237
546.00000	-60.48801
547.00000	-61.27177
548.00000	-67.83975
549.00000	-65.38114
550.00000	-74.71824
551.00000	-73.87565
552.00000	-63.64815
553.00000	-51.22366
554.00000	-74.34750
555.00000	-65.42917
556.00000	-53.93564
557.00000	-69.26612
558.00000	-60.15109
559.00000	-71.52605
560.00000	-64.58091
561.00000	-62.45883
562.00000	-67.27184
563.00000	-62.09895
564.00000	-66.59669
565.00000	-73.17342
566.00000	-65.76367
567.00000	-79.38600
568.00000	-72.09150
569.00000	-67.46404
570.00000	-63.91612
571.00000	-64.43192
572.00000	-70.11812
573.00000	-53.23011
574.00000	-47.45779
575.00000	-63.78892
576.00000	-56.76692
577.00000	-57.28346
578.00000	-65.58051
579.00000	-69.97352
580.00000	-48.51269
581.00000	-65.55976
582.00000	-64.30663
583.00000	-67.22072
584.00000	-62.12861
585.00000	-46.21930
586.00000	-61.82907
587.00000	-66.27379
588.00000	-48.21170
589.00000	-61.85446
590.00000	-65.23611
591.00000	-75.08649
592.00000	-59.03979
593.00000	-66.03122
594.00000	-60.73000
595.00000	-64.01886
596.00000	-74.89814
597.00000	-52.34836
598.00000	-69.70509
599.00000	-69.33652
600.00000	-66.15658
601.00000	-74.82358
602.00000	-72.40753
603.00000	-52.98949
604.00000	-70.22388
605.00000	-55.29569
606.00000	-50.68622
607.00000	-70.24612
608.00000	-67.77420
609.00000	-75.81038
610.00000	-73.07517
611.00000	-56.93523
612.00000	-65.22791
613.00000	-72.57087
614.00000	-76.77320
615.00000	-70.84625
616.00000	-67.01654
617.00000	-66.03220
618.00000	-70.31802
619.00000	-65.69163
620.00000	-71.65989
621.00000	-69.16616
622.00000	-68.61025
623.00000	-67.30450
624.00000	-68.42029
625.00000	-64.31752
626.00000	-70.92658
627.00000	-63.64464
628.00000	-58.16332
629.00000	-47.78094
630.00000	-76.02925
631.00000	-67.45956
632.00000	-68.05499
633.00000	-63.08722
634.00000	-68.39094
635.00000	-65.41132
636.00000	-58.56997
637.00000	-55.94990
638.00000	-65.80955
639.00000	-68.59057
640.00000	-75.23349
641.00000	-57.56213
642.00000	-63.38560
643.00000	-65.58672
644.00000	-66.22997
645.00000	-69.76819
646.00000	-61.24858
647.00000	-67.27054
648.00000	-71.79302
649.00000	-65.81243
650.00000	-68.95504
651.00000	-76.59750
652.00000	-57.44053
653.00000	-52.77891
654.00000	-68.59900
655.00000	-55.34841
656.00000	-62.97733
657.00000	-57.27929
658.00000	-55.62018
659.00000	-65.54011
660.00000	-58.16971
661.00000	-60.96006
662.00000	-71.96107
663.00000	-69.63580
664.00000	-61.01136
665.00000	-70.31502
666.00000	-64.64186
667.00000	-65.69602
668.00000	-75.21685
669.00000	-66.94187
670.00000	-72.65323
671.00000	-68.45758
672.00000	-67.58325
673.00000	-61.26327
674.00000	-58.45848
675.00000	-73.28094
676.00000	-59.41343
677.00000	-56.11380
678.00000	-55.67171
679.00000	-56.05300
680.00000	-70.63422
681.00000	-74.82084
682.00000	-61.19857
683.00000	-40.60559
684.00000	-59.54328
685.00000	-68.98412
686.00000	-59.70743
687.00000	-67.03685
688.00000	-64.13184
689.00000	-69.04294
690.00000	-64.74306
691.00000	-69.51079
692.00000	-61.63684
693.00000	-73.04087
694.00000	-70.44445
695.00000	-73.93829
696.00000	-59.00067
697.00000	-41.94012
698.00000	-52.74417
699.00000	-72.33218
700.00000	-66.54480
701.00000	-47.26393
702.00000	-62.82109
703.00000	-74.09108
704.00000	-58.61747
705.00000	-75.36768
706.00000	-65.13599
707.00000	-74.10050
708.00000	-55.24325
709.00000	-67.62784
710.00000	-76.83109
711.00000	-67.81294
712.00000	-72.78113
713.00000	-65.04570
714.00000	-59.46604
715.00000	-62.72837
716.00000	-61.48369
717.00000	-44.62423
718.00000	-59.95798
719.00000	-74.23662
720.00000	-67.79698
721.00000	-69.53365
722.00000	-78.22025
723.00000	-67.27842
724.00000	-58.11531
725.00000	-58.77865
726.00000	-72.19564
727.00000	-48.66504
728.00000	-48.85658
729.00000	-53.11229
730.00000	-65.69054
731.00000	-66.07320
732.00000	-62.17908
733.00000	-66.85228
734.00000	-75.83146
735.00000	-62.59546
736.00000	-67.49386
737.00000	-73.59965
738.00000	-67.00518
739.00000	-75.12704
740.00000	-68.25623
741.00000	-64.17983
742.00000	-54.72345
743.00000	-69.60283
744.00000	-64.95449
745.00000	-62.04682
746.00000	-57.45343
747.00000	-67.94136
748.00000	-66.73656
749.00000	-77.54047
750.00000	-68.93333
751.00000	-63.82780
752.00000	-58.46816
753.00000	-69.97026
754.00000	-66.73378
755.00000	-67.33419
756.00000	-65.71783
757.00000	-66.91010
758.00000	-65.42403
759.00000	-71.47980
760.00000	-66.86773
761.00000	-62.20378
762.00000	-67.95954
763.00000	-68.73334
764.00000	-62.17646
765.00000	-66.28773
766.00000	-73.11590
767.00000	-64.42224
768.00000	-42.32993
769.00000	-61.92000
770.00000	-52.55219
771.00000	-70.89672
772.00000	-75.80764
773.00000	-68.89267
774.00000	-65.18738
775.00000	-69.86392
776.00000	-68.55015
777.00000	-63.56509
778.00000	-70.59013
779.00000	-56.05251
780.00000	-67.53002
781.00000	-72.12925
782.00000	-70.26111
783.00000	-75.55095
784.00000	-74.31354
785.00000	-69.32221
786.00000	-59.83390
787.00000	-61.48174
788.00000	-71.54707
789.00000	-73.70005
790.00000	-67.95306
791.00000	-62.69137
792.00000	-47.16092
793.00000	-61.90531
794.00000	-72.45940
795.00000	-54.39763
796.00000	-64.75676
797.00000	-68.18145
798.00000	-70.13121
799.00000	-61.22472
800.00000	-73.61454
801.00000	-72.00640
802.00000	-74.21915
803.00000	-66.69509
804.00000	-71.55572
805.00000	-58.53408
806.00000	-65.72707
807.00000	-65.75105
808.00000	-68.28746
809.00000	-65.90193
810.00000	-51.22327
811.00000	-65.35959
812.00000	-65.02719
813.00000	-64.64976
814.00000	-61.12954
815.00000	-68.21323
816.00000	-69.56585
817.00000	-55.95553
818.00000	-65.61698
819.00000	-66.85015
820.00000	-66.44936
821.00000	-62.79595
822.00000	-60.85468
823.00000	-75.75475
824.00000	-63.78324
825.00000	-67.03781
826.00000	-72.82580
827.00000	-75.47450
828.00000	-69.51074
829.00000	-62.89730
830.00000	-69.49463
831.00000	-67.91098
832.00000	-66.42692
833.00000	-63.41345
834.00000	-65.22325
835.00000	-66.37281
836.00000	-67.45098
837.00000	-67.12685
838.00000	-68.00922
839.00000	-61.70299
840.00000	-69.61919
841.00000	-59.71754
842.00000	-63.20642
843.00000	-67.56401
844.00000	-66.92775
845.00000	-74.72025
846.00000	-60.87305
847.00000	-72.76745
848.00000	-66.68912
849.00000	-67.72755
850.00000	-70.14190
851.00000	-63.72894
852.00000	-71.47106
853.00000	-64.41880
854.00000	-59.72839
855.00000	-71.34757
856.00000	-48.84253
857.00000	-51.29697
858.00000	-70.75627
859.00000	-67.13238
860.00000	-75.78795
861.00000	-68.71342
862.00000	-68.60411
863.00000	-70.52786
864.00000	-64.15716
865.00000	-62.63554
866.00000	-72.14648
867.00000	-57.99005
868.00000	-70.24850
869.00000	-60.32523
870.00000	-76.89434
871.00000	-74.42237
872.00000	-64.60926
873.00000	-70.12789
874.00000	-71.24049
875.00000	-68.34111
876.00000	-73.86996
877.00000	-65.36719
878.00000	-70.23358
879.00000	-60.88603
880.00000	-61.93867
881.00000	-68.17985
882.00000	-68.52866
883.00000	-56.32510
884.00000	-69.33656
885.00000	-63.24065
886.00000	-56.42324
887.00000	-58.17178
888.00000	-62.68192
889.00000	-69.73783
890.00000	-63.43071
891.00000	-70.36987
892.00000	-72.20368
893.00000	-70.43695
894.00000	-56.18288
895.00000	-61.07789
896.00000	-67.20580
897.00000	-70.56128
898.00000	-55.78555
899.00000	-52.20548
900.00000	-75.63962
901.00000	-63.41057
902.00000	-63.51884
903.00000	-65.97467
904.00000	-66.54037
905.00000	-55.92505
906.00000	-68.51267
907.00000	-66.40951
908.00000	-52.76609
909.00000	-72.57938
910.00000	-67.07890
911.00000	-57.22924
912.00000	-58.13782
913.00000	-69.34625
914.00000	-59.19426
915.00000	-62.87652
916.00000	-62.93712
917.00000	-65.56302
918.00000	-61.71944
919.00000	-75.38274
920.00000	-74.70199
921.00000	-53.68931
922.00000	-74.56503
923.00000	-58.58973
924.00000	-68.58345
925.00000	-65.96310
926.00000	-60.75615
927.00000	-70.58182
928.00000	-65.02238
929.00000	-59.16473
930.00000	-66.85304
931.00000	-72.79001
932.00000	-53.69218
933.00000	-62.41461
934.00000	-64.58670
935.00000	-69.39485
936.00000	-57.07046
937.00000	-55.32508
938.00000	-74.07337
939.00000	-65.25909
940.00000	-68.23227
941.00000	-63.64445
942.00000	-56.94280
943.00000	-68.05840
944.00000	-73.27770
945.00000	-51.91054
946.00000	-69.01638
947.00000	-58.98154
948.00000	-60.40271
949.00000	-56.40609
950.00000	-70.39434
951.00000	-57.92363
952.00000	-68.57197
953.00000	-67.84188
954.00000	-67.95568
955.00000	-61.09536
956.00000	-69.53439
957.00000	-59.90531
958.00000	-66.91464
959.00000	-71.07588
960.00000	-59.86953
961.00000	-65.68494
962.00000	-71.71007
963.00000	-69.67691
964.00000	-61.98504
965.00000	-72.97025
966.00000	-71.28957
967.00000	-67.25789
968.00000	-62.79348
969.00000	-61.38503
970.00000	-72.71532
971.00000	-59.17599
972.00000	-68.30648
973.00000	-67.26028
974.00000	-62.58595
975.00000	-62.01354
976.00000	-70.86748
977.00000	-62.73248
978.00000	-66.89592
979.00000	-69.63920
980.00000	-67.65289
981.00000	-65.42683
982.00000	-60.97030
983.00000	-73.34063
984.00000	-70.84712
985.00000	-69.82949
986.00000	-68.25306
987.00000	-67.50067
988.00000	-60.21048
989.00000	-64.11580
990.00000	-65.95805
991.00000	-56.53338
992.00000	-66.29162
993.00000	-47.28700
994.00000	-71.33114
995.00000	-70.25786
996.00000	-73.64865
997.00000	-60.18996
998.00000	-65.14481
999.00000	-64.98451
1000.00000	-55.84272
1001.00000	-44.61765
1002.00000	-76.88835
1003.00000	-60.94453
1004.00000	-62.70730
1005.00000	-66.68082
1006.00000	-54.83311
1007.00000	-46.07374
1008.00000	-72.68602
1009.00000	-45.56208
1010.00000	-62.51576
1011.00000	-69.13636
1012.00000	-69.51422
1013.00000	-49.12163
1014.00000	-65.82954
1015.00000	-60.66298
1016.00000	-64.37550
1017.00000	-75.77874
1018.00000	-63.23798
1019.00000	-57.19317
1020.00000	-64.83301
1021.00000	-70.58621
1022.00000	-71.60100
1023.00000	-74.60802
1024.00000	-64.46668
1025.00000	-60.99646
1026.00000	-62.31387
1027.00000	-75.37223
1028.00000	-67.20157
1029.00000	-60.97153
1030.00000	-59.50671
1031.00000	-61.55837
1032.00000	-64.85062
1033.00000	-71.87522
1034.00000	-58.13838
1035.00000	-74.47129
1036.00000	-65.10387
1037.00000	-63.95376
1038.00000	-62.32769
1039.00000	-60.30664
1040.00000	-71.72614
1041.00000	-53.27427
1042.00000	-66.19682
1043.00000	-74.76605
1044.00000	-64.62387
1045.00000	-55.83238
1046.00000	-66.09301
1047.00000	-68.10835
1048.00000	-79.37044
1049.00000	-73.98129
1050.00000	-69.51942
1051.00000	-69.93122
1052.00000	-69.25246
1053.00000	-69.48397
1054.00000	-70.74387
1055.00000	-74.16683
1056.00000	-70.56085
1057.00000	-67.96234
1058.00000	-52.34519
1059.00000	-74.47203
1060.00000	-65.24636
1061.00000	-55.66543
1062.00000	-68.01870
1063.00000	-62.24236
1064.00000	-60.54111
1065.00000	-50.10073
1066.00000	-66.48117
1067.00000	-71.52797
1068.00000	-74.13491
1069.00000	-61.93083
1070.00000	-57.07550
1071.00000	-52.59181
1072.00000	-69.42131
1073.00000	-69.75260
1074.00000	-59.15049
1075.00000	-64.93013
1076.00000	-67.75338
1077.00000	-70.43876
1078.00000	-68.79999
1079.00000	-66.67258
1080.00000	-61.63884
1081.00000	-59.05748
1082.00000	-61.70650
1083.00000	-69.17332
1084.00000	-70.26423
1085.00000	-66.22712
1086.00000	-70.78622
1087.00000	-73.37874
1088.00000	-68.42451
1089.00000	-68.13964
1090.00000	-68.93756
1091.00000	-64.72705
1092.00000	-66.55843
1093.00000	-67.43812
1094.00000	-50.10614
1095.00000	-66.90446
1096.00000	-68.36553
1097.00000	-64.47638
1098.00000	-45.39751
1099.00000	-72.94327
1100.00000	-72.04224
1101.00000	-65.28553
1102.00000	-66.78005
1103.00000	-62.46675
1104.00000	-69.46915
1105.00000	-75.45308
1106.00000	-74.37083
1107.00000	-59.13663
1108.00000	-65.21976
1109.00000	-50.80744
1110.00000	-66.72794
1111.00000	-67.44554
1112.00000	-62.88639
1113.00000	-63.51757
1114.00000	-64.17832
1115.00000	-68.22149
1116.00000	-63.73974
1117.00000	-76.81445
1118.00000	-70.81257
1119.00000	-70.84044
1120.00000	-66.71829
1121.00000	-69.85646
1122.00000	-74.90412
1123.00000	-56.32916
1124.00000	-73.29926
1125.00000	-74.85362
1126.00000	-60.56283
1127.00000	-62.12724
1128.00000	-67.40983
1129.00000	-63.50477
1130.00000	-74.73781
1131.00000	-68.57911
1132.00000	-67.82697
1133.00000	-37.71139
1134.00000	-73.14331
1135.00000	-66.78194
1136.00000	-67.38330
1137.00000	-47.99380
1138.00000	-56.97115
1139.00000	-70.47231
1140.00000	-69.59825
1141.00000	-68.78145
1142.00000	-59.57937
1143.00000	-54.57758
1144.00000	-67.61759
1145.00000	-56.44156
1146.00000	-68.85999
1147.00000	-65.12806
1148.00000	-58.43303
1149.00000	-59.65703
1150.00000	-68.22917
1151.00000	-67.94395
1152.00000	-50.20996
1153.00000	-67.99291
1154.00000	-43.94480
1155.00000	-67.17903
1156.00000	-65.88204
1157.00000	-61.60809
1158.00000	-68.15211
1159.00000	-66.24199
1160.00000	-75.22354
1161.00000	-68.32954
1162.00000	-70.70410
1163.00000	-70.23071
1164.00000	-58.04540
1165.00000	-62.45747
1166.00000	-64.17904
1167.00000	-56.35409
1168.00000	-49.46167
1169.00000	-60.77939
1170.00000	-63.08893
1171.00000	-67.27541
1172.00000	-68.44835
1173.00000	-51.12266
1174.00000	-63.74264
1175.00000	-68.28163
1176.00000	-69.77780
1177.00000	-66.38513
1178.00000	-58.94334
1179.00000	-69.68702
1180.00000	-60.57105
1181.00000	-69.86829
1182.00000	-63.20420
1183.00000	-62.56200
1184.00000	-62.28209
1185.00000	-66.13594
1186.00000	-74.52532
1187.00000	-65.31280
1188.00000	-69.22690
1189.00000	-70.79131
1190.00000	-45.12545
1191.00000	-61.27337
1192.00000	-68.51661
1193.00000	-60.03340
1194.00000	-66.16802
1195.00000	-74.55416
1196.00000	-78.48654
1197.00000	-62.09635
1198.00000	-69.10992
1199.00000	-56.72638
1200.00000	-68.35910
1201.00000	-57.48465
1202.00000	-67.03719
1203.00000	-62.16804
1204.00000	-63.78900
1205.00000	-63.66114
1206.00000	-61.78385
1207.00000	-61.75315
1208.00000	-57.86757
1209.00000	-61.52321
1210.00000	-71.08685
1211.00000	-62.76766
1212.00000	-74.72728
1213.00000	-64.68349
1214.00000	-58.03904
1215.00000	-62.35549
1216.00000	-64.34977
1217.00000	-64.10162
1218.00000	-71.30614
1219.00000	-66.08609
1220.00000	-57.09856
1221.00000	-73.34908
1222.00000	-69.19785
1223.00000	-74.45465
1224.00000	-64.22672
1225.00000	-66.19137
1226.00000	-70.17014
1227.00000	-61.50817
1228.00000	-72.32801
1229.00000	-72.98069
1230.00000	-52.81715
1231.00000	-55.44012
1232.00000	-74.18857
1233.00000	-61.64326
1234.00000	-55.91196
1235.00000	-65.47709
1236.00000	-65.07653
1237.00000	-72.62798
1238.00000	-66.18326
1239.00000	-71.55267
1240.00000	-61.43355
1241.00000	-69.55927
1242.00000	-63.99079
1243.00000	-70.64743
1244.00000	-66.10793
1245.00000	-69.14046
1246.00000	-62.43403
1247.00000	-72.39523
1248.00000	-66.01177
1249.00000	-64.87336
1250.00000	-70.94553
1251.00000	-56.68175
1252.00000	-50.69600
1253.00000	-61.43938
1254.00000	-76.18571
1255.00000	-48.93223
1256.00000	-59.08245
1257.00000	-60.60800
1258.00000	-68.98965
1259.00000	-65.91694
1260.00000	-47.73799
1261.00000	-73.17596
1262.00000	-62.85800
1263.00000	-67.23180
1264.00000	-73.17037
1265.00000	-74.77819
1266.00000	-52.25181
1267.00000	-61.05140
1268.00000	-70.19057
1269.00000	-72.42339
1270.00000	-50.03932
1271.00000	-74.97518
1272.00000	-66.87129
1273.00000	-42.34715
1274.00000	-73.08665
1275.00000	-69.85809
1276.00000	-61.33631
1277.00000	-58.75840
1278.00000	-70.30248
1279.00000	-62.98655
1280.00000	-59.87950
1281.00000	-68.40012
1282.00000	-63.04270
1283.00000	-53.12683
1284.00000	-60.47950
1285.00000	-55.84146
1286.00000	-63.47415
1287.00000	-58.15303
1288.00000	-65.60228
1289.00000	-64.00119
1290.00000	-62.56965
1291.00000	-71.30310
1292.00000	-68.33721
1293.00000	-51.34526
1294.00000	-62.87031
1295.00000	-66.01948
1296.00000	-63.21022
1297.00000	-59.94849
1298.00000	-72.64907
1299.00000	-64.51209
1300.00000	-65.72318
1301.00000	-59.36093
1302.00000	-68.40122
1303.00000	-73.04063
1304.00000	-64.90020
1305.00000	-66.50978
1306.00000	-63.69251
1307.00000	-65.55920
1308.00000	-66.89269
1309.00000	-54.13773
1310.00000	-56.93881
1311.00000	-67.41928
1312.00000	-65.15212
1313.00000	-66.85017
1314.00000	-62.50901
1315.00000	-72.33991
1316.00000	-69.41294
1317.00000	-69.37551
1318.00000	-69.82952
1319.00000	-71.13988
1320.00000	-64.83848
1321.00000	-62.03343
1322.00000	-75.10936
1323.00000	-60.75991
1324.00000	-74.52228
1325.00000	-75.93683
1326.00000	-59.85981
1327.00000	-73.76340
1328.00000	-50.22925
1329.00000	-68.04379
1330.00000	-57.77757
1331.00000	-66.39796
1332.00000	-41.77552
1333.00000	-68.48541
1334.00000	-67.65317
1335.00000	-70.26486
1336.00000	-69.57185
1337.00000	-74.20552
1338.00000	-68.15625
1339.00000	-64.94344
1340.00000	-66.30602
1341.00000	-71.09937
1342.00000	-79.12410
1343.00000	-64.54804
1344.00000	-56.02956
1345.00000	-68.86564
1346.00000	-71.23427
1347.00000	-68.48423
1348.00000	-63.62534
1349.00000	-67.64696
1350.00000	-51.01698
1351.00000	-63.65279
1352.00000	-63.99519
1353.00000	-62.69324
1354.00000	-62.08302
1355.00000	-59.86528
1356.00000	-60.00659
1357.00000	-78.03612
1358.00000	-70.32084
1359.00000	-65.39495
1360.00000	-57.39440
1361.00000	-65.89310
1362.00000	-64.59261
1363.00000	-65.46710
1364.00000	-67.61126
1365.00000	-71.26476
1366.00000	-62.47183
1367.00000	-66.13628
1368.00000	-69.50518
1369.00000	-64.09284
1370.00000	-60.97590
1371.00000	-63.50963
1372.00000	-64.72835
1373.00000	-62.35849
1374.00000	-62.04286
1375.00000	-71.76426
1376.00000	-62.29628
1377.00000	-63.36161
1378.00000	-50.82604
1379.00000	-63.39255
1380.00000	-60.91460
1381.00000	-50.65937
1382.00000	-69.09079
1383.00000	-58.42699
1384.00000	-35.28457
1385.00000	-65.44562
1386.00000	-71.77709
1387.00000	-49.47465
1388.00000	-53.00794
1389.00000	-63.82419
1390.00000	-69.09006
1391.00000	-64.62331
1392.00000	-50.11112
1393.00000	-65.34829
1394.00000	-61.51946
1395.00000	-65.26458
1396.00000	-66.65037
1397.00000	-76.94632
1398.00000	-63.78629
1399.00000	-62.60650
1400.00000	-62.48495
1401.00000	-46.93814
1402.00000	-53.42569
1403.00000	-60.51369
1404.00000	-75.77877
1405.00000	-72.24439
1406.00000	-73.21427
1407.00000	-66.74987
1408.00000	-67.13120
1409.00000	-56.84712
1410.00000	-67.61177
1411.00000	-64.09241
1412.00000	-71.62474
1413.00000	-61.34109
1414.00000	-67.52296
1415.00000	-68.69790
1416.00000	-59.94232
1417.00000	-54.04301
1418.00000	-70.18821
1419.00000	-61.52760
1420.00000	-52.36008
1421.00000	-65.36464
1422.00000	-64.69829
1423.00000	-68.10306
1424.00000	-65.61311
1425.00000	-61.81346
1426.00000	-67.15648
1427.00000	-68.85322
1428.00000	-64.22230
1429.00000	-60.07598
1430.00000	-69.71939
1431.00000	-66.01513
1432.00000	-61.27158
1433.00000	-71.07638
1434.00000	-55.59931
1435.00000	-57.98406
1436.00000	-66.80989
1437.00000	-61.36335
1438.00000	-63.77131
1439.00000	-70.57884
1440.00000	-60.08499
1441.00000	-71.97313
1442.00000	-65.33367
1443.00000	-62.71612
1444.00000	-59.63308
1445.00000	-69.97059
1446.00000	-71.45244
1447.00000	-58.10878
1448.00000	-68.62859
1449.00000	-61.00500
1450.00000	-71.13540
1451.00000	-73.83264
1452.00000	-66.80358
1453.00000	-75.15733
1454.00000	-72.31502
1455.00000	-69.90526
1456.00000	-69.83711
1457.00000	-72.95268
1458.00000	-75.49765
1459.00000	-56.30394
1460.00000	-70.55955
1461.00000	-65.37371
1462.00000	-75.15460
1463.00000	-63.50191
1464.00000	-61.97002
1465.00000	-53.15777
1466.00000	-61.11505
1467.00000	-62.72865
1468.00000	-71.02683
1469.00000	-74.01822
1470.00000	-56.20600
1471.00000	-51.78195
1472.00000	-69.68104
1473.00000	-60.34065
1474.00000	-72.52299
1475.00000	-66.11267
1476.00000	-71.28124
1477.00000	-65.88552
1478.00000	-72.62199
1479.00000	-73.56903
1480.00000	-65.96007
1481.00000	-33.87563
1482.00000	-72.29649
1483.00000	-74.58617
1484.00000	-59.77391
1485.00000	-48.73671
1486.00000	-71.71616
1487.00000	-57.37453
1488.00000	-68.93575
1489.00000	-67.08633
1490.00000	-56.93087
1491.00000	-62.20960
1492.00000	-36.30550
1493.00000	-63.79433
1494.00000	-64.68107
1495.00000	-77.52505
1496.00000	-69.46475
1497.00000	-63.30010
1498.00000	-64.33525
1499.00000	-68.77080
1500.00000	-67.29280
1501.00000	-68.86559
1502.00000	-52.80319
1503.00000	-74.67039
1504.00000	-67.76782
1505.00000	-48.13266
1506.00000	-69.20955
1507.00000	-76.07842
1508.00000	-64.52321
1509.00000	-72.04724
1510.00000	-65.11473
1511.00000	-66.80029
1512.00000	-67.95317
1513.00000	-71.46034
1514.00000	-62.74152
1515.00000	-62.71027
1516.00000	-57.66927
1517.00000	-56.10456
1518.00000	-59.13094
1519.00000	-59.45192
1520.00000	-68.20431
1521.00000	-69.02147
1522.00000	-69.92614
1523.00000	-61.58620
1524.00000	-63.20661
1525.00000	-69.26127
1526.00000	-63.99852
1527.00000	-72.76812
1528.00000	-68.08951
1529.00000	-71.30988
1530.00000	-71.11914
1531.00000	-52.51763
1532.00000	-72.23123
1533.00000	-69.87325
1534.00000	-61.86312
1535.00000	-75.08029
1536.00000	-57.87117
1537.00000	-63.97743
1538.00000	-61.83387
1539.00000	-61.84453
1540.00000	-62.70573
1541.00000	-56.06274
1542.00000	-68.68765
1543.00000	-67.19493
1544.00000	-50.96699
1545.00000	-49.15515
1546.00000	-68.51986
1547.00000	-66.34052
1548.00000	-73.37370
1549.00000	-76.76781
1550.00000	-69.91222
1551.00000	-57.08909
1552.00000	-76.00759
1553.00000	-60.53998
1554.00000	-66.60175
1555.00000	-64.60414
1556.00000	-66.51536
1557.00000	-66.18396
1558.00000	-72.33345
1559.00000	-70.68670
1560.00000	-74.19133
1561.00000	-60.24620
1562.00000	-60.15069
1563.00000	-62.54221
1564.00000	-74.27258
1565.00000	-66.03711
1566.00000	-54.66379
1567.00000	-69.62259
1568.00000	-65.13350
1569.00000	-72.57869
1570.00000	-61.08355
1571.00000	-64.39301
1572.00000	-63.46340
1573.00000	-60.27343
1574.00000	-70.97104
1575.00000	-70.17951
1576.00000	-64.93910
1577.00000	-67.21215
1578.00000	-72.96962
1579.00000	-61.75411
1580.00000	-67.98029
1581.00000	-48.39522
1582.00000	-58.74578
1583.00000	-73.31050
1584.00000	-59.72142
1585.00000	-66.95386
1586.00000	-62.50064
1587.00000	-75.43472
1588.00000	-65.55069
1589.00000	-66.81796
1590.00000	-66.69691
1591.00000	-75.46844
1592.00000	-64.14798
1593.00000	-61.29150
1594.00000	-68.30906
1595.00000	-70.48870
1596.00000	-67.77449
1597.00000	-66.09435
1598.00000	-74.18445
1599.00000	-67.29471
1600.00000	-68.27203
1601.00000	-74.38809
1602.00000	-63.26615
1603.00000	-70.64278
1604.00000	-68.43646
1605.00000	-68.62700
1606.00000	-51.43144
1607.00000	-54.51469
1608.00000	-74.44361
1609.00000	-73.50229
1610.00000	-64.77869
1611.00000	-59.94007
1612.00000	-69.71720
1613.00000	-50.88216
1614.00000	-71.56095
1615.00000	-60.25052
1616.00000	-55.09100
1617.00000	-69.98713
1618.00000	-67.61921
1619.00000	-54.24564
1620.00000	-59.89668
1621.00000	-68.12852
1622.00000	-65.27911
1623.00000	-67.28498
1624.00000	-55.96934
1625.00000	-53.93679
1626.00000	-71.16319
1627.00000	-76.03317
1628.00000	-60.78213
1629.00000	-65.15531
1630.00000	-69.86376
1631.00000	-65.03309
1632.00000	-65.29777
1633.00000	-58.20852
1634.00000	-70.50884
1635.00000	-69.52710
1636.00000	-58.14273
1637.00000	-60.77046
1638.00000	-69.15065
1639.00000	-49.90568
1640.00000	-60.03391
1641.00000	-62.21572
1642.00000	-60.57546
1643.00000	-54.28170
1644.00000	-69.50433
1645.00000	-66.90575
1646.00000	-68.01104
1647.00000	-69.16261
1648.00000	-62.39490
1649.00000	-62.87120
1650.00000	-43.74050
1651.00000	-73.80841
1652.00000	-61.83774
1653.00000	-56.39617
1654.00000	-59.37904
1655.00000	-61.95139
1656.00000	-70.53500
1657.00000	-63.39482
1658.00000	-62.07388
1659.00000	-61.43489
1660.00000	-58.69587
1661.00000	-53.71232
1662.00000	-65.04552
1663.00000	-66.00715
1664.00000	-65.05814
1665.00000	-64.91344
1666.00000	-66.40743
1667.00000	-74.36810
1668.00000	-72.75041
1669.00000	-70.38440
1670.00000	-56.17272
1671.00000	-57.03201
1672.00000	-62.64594
1673.00000	-59.60633
1674.00000	-58.95366
1675.00000	-68.17813
1676.00000	-69.05700
1677.00000	-70.25360
1678.00000	-54.10896
1679.00000	-69.92908
1680.00000	-59.78573
1681.00000	-65.28867
1682.00000	-73.32489
1683.00000	-62.58208
1684.00000	-68.98958
1685.00000	-76.32796
1686.00000	-57.08391
1687.00000	-39.09292
1688.00000	-43.70188
1689.00000	-73.68128
1690.00000	-56.04662
1691.00000	-54.48514
1692.00000	-61.49673
1693.00000	-71.02637
1694.00000	-63.87502
1695.00000	-63.08107
1696.00000	-65.74401
1697.00000	-69.17764
1698.00000	-48.36949
1699.00000	-67.14796
1700.00000	-73.10290
1701.00000	-49.84441
1702.00000	-68.11686
1703.00000	-66.20236
1704.00000	-58.93333
1705.00000	-70.02695
1706.00000	-59.53962
1707.00000	-65.46271
1708.00000	-58.34712
1709.00000	-72.23489
1710.00000	-74.38883
1711.00000	-76.35602
1712.00000	-73.98779
1713.00000	-64.17485
1714.00000	-69.11142
1715.00000	-63.17546
1716.00000	-70.97553
1717.00000	-51.02762
1718.00000	-66.10038
1719.00000	-47.14202
1720.00000	-64.67563
1721.00000	-67.39512
1722.00000	-65.06233
1723.00000	-51.45485
1724.00000	-66.67763
1725.00000	-76.94220
1726.00000	-69.33013
1727.00000	-69.00339
1728.00000	-74.82754
1729.00000	-58.91154
1730.00000	-65.10582
1731.00000	-60.71524
1732.00000	-62.65675
1733.00000	-67.59641
1734.00000	-64.10648
1735.00000	-63.70918
1736.00000	-65.76597
1737.00000	-63.75153
1738.00000	-67.09793
1739.00000	-71.84783
1740.00000	-70.07888
1741.00000	-68.84116
1742.00000	-69.40017
1743.00000	-66.83430
1744.00000	-63.79407
1745.00000	-45.78489
1746.00000	-58.00725
1747.00000	-59.18781
1748.00000	-68.17216
1749.00000	-65.79060
1750.00000	-71.19687
1751.00000	-63.39022
1752.00000	-62.14625
1753.00000	-66.15912
1754.00000	-71.15754
1755.00000	-62.42061
1756.00000	-73.99544
1757.00000	-68.39066
1758.00000	-58.08732
1759.00000	-61.15729
1760.00000	-55.80320
1761.00000	-60.59189
1762.00000	-62.25754
1763.00000	-65.26526
1764.00000	-63.67309
1765.00000	-52.58282
1766.00000	-65.73326
1767.00000	-66.74275
1768.00000	-69.74692
1769.00000	-75.12258
1770.00000	-74.48752
1771.00000	-65.87435
1772.00000	-64.41996
1773.00000	-61.65201
1774.00000	-64.88555
1775.00000	-74.86042
1776.00000	-66.03743
1777.00000	-65.51865
1778.00000	-70.11552
1779.00000	-68.68631
1780.00000	-49.52348
1781.00000	-59.39736
1782.00000	-70.50264
1783.00000	-65.20957
1784.00000	-61.80592
1785.00000	-70.64570
1786.00000	-59.26940
1787.00000	-68.10537
1788.00000	-65.18260
1789.00000	-72.63373
1790.00000	-64.27017
1791.00000	-70.46076
1792.00000	-73.38625
1793.00000	-64.77013
1794.00000	-68.92569
1795.00000	-59.25531
1796.00000	-67.11814
1797.00000	-67.05828
1798.00000	-75.44784
1799.00000	-75.25600
1800.00000	-69.59597
1801.00000	-70.79325
1802.00000	-49.17614
1803.00000	-58.33677
1804.00000	-67.17084
1805.00000	-62.15673
1806.00000	-66.27184
1807.00000	-59.61465
1808.00000	-72.60008
1809.00000	-71.55383
1810.00000	-65.56448
1811.00000	-67.13067
1812.00000	-68.80760
1813.00000	-68.35732
1814.00000	-51.21363
1815.00000	-69.47735
1816.00000	-65.83926
1817.00000	-65.93589
1818.00000	-70.68510
1819.00000	-72.95000
1820.00000	-67.55122
1821.00000	-64.72659
1822.00000	-62.70805
1823.00000	-68.72439
1824.00000	-56.98712
1825.00000	-68.22755
1826.00000	-54.26907
1827.00000	-56.74515
1828.00000	-62.65148
1829.00000	-64.73103
1830.00000	-61.14778
1831.00000	-72.88041
1832.00000	-66.19088
1833.00000	-67.98339
1834.00000	-71.23346
1835.00000	-60.72618
1836.00000	-72.61901
1837.00000	-57.99510
1838.00000	-61.79241
1839.00000	-63.29876
1840.00000	-65.88429
1841.00000	-68.71403
1842.00000	-70.29764
1843.00000	-69.89591
1844.00000	-64.13540
1845.00000	-67.77577
1846.00000	-63.14847
1847.00000	-58.21423
1848.00000	-73.81931
1849.00000	-66.41173
1850.00000	-63.30642
1851.00000	-63.67461
1852.00000	-66.53679
1853.00000	-63.16887
1854.00000	-64.20909
1855.00000	-51.08897
1856.00000	-65.16597
1857.00000	-58.43160
1858.00000	-62.65973
1859.00000	-76.31026
1860.00000	-69.06144
1861.00000	-50.34136
1862.00000	-58.49919
1863.00000	-67.15449
1864.00000	-72.97810
1865.00000	-57.89560
1866.00000	-51.88048
1867.00000	-68.31465
1868.00000	-72.71122
1869.00000	-68.71383
1870.00000	-68.62976
1871.00000	-76.76938
1872.00000	-63.67904
1873.00000	-75.39190
1874.00000	-71.30401
1875.00000	-68.91450
1876.00000	-73.18416
1877.00000	-69.52193
1878.00000	-63.22139
1879.00000	-51.47601
1880.00000	-62.37582
1881.00000	-73.68024
1882.00000	-68.05507
1883.00000	-72.27782
1884.00000	-70.90404
1885.00000	-60.49987
1886.00000	-64.36238
1887.00000	-73.63452
1888.00000	-54.40375
1889.00000	-74.89103
1890.00000	-74.17815
1891.00000	-62.36146
1892.00000	-70.09651
1893.00000	-72.86740
1894.00000	-67.09466
1895.00000	-64.13340
1896.00000	-67.40373
1897.00000	-59.75810
1898.00000	-60.91244
1899.00000	-62.06083
1900.00000	-70.82858
1901.00000	-72.35135
1902.00000	-69.44377
1903.00000	-72.80716
1904.00000	-62.58199
1905.00000	-65.49786
1906.00000	-73.92098
1907.00000	-60.17332
1908.00000	-70.79413
1909.00000	-55.55725
1910.00000	-72.46711
1911.00000	-66.45153
1912.00000	-57.44196
1913.00000	-68.88591
1914.00000	-61.93125
1915.00000	-64.94024
1916.00000	-63.76186
1917.00000	-67.78280
1918.00000	-67.55305
1919.00000	-67.10933
1920.00000	-68.22374
1921.00000	-72.27981
1922.00000	-68.91429
1923.00000	-68.53691
1924.00000	-66.79159
1925.00000	-50.83304
1926.00000	-65.32739
1927.00000	-37.64426
1928.00000	-75.12854
1929.00000	-67.94479
1930.00000	-54.24383
1931.00000	-54.80750
1932.00000	-64.82227
1933.00000	-65.22280
1934.00000	-54.25546
1935.00000	-69.73375
1936.00000	-45.47337
1937.00000	-60.64240
1938.00000	-64.79770
1939.00000	-68.97435
1940.00000	-62.97353
1941.00000	-49.83920
1942.00000	-70.56434
1943.00000	-64.69924
1944.00000	-54.89078
1945.00000	-72.69410
1946.00000	-71.60277
1947.00000	-74.84117
1948.00000	-60.13772
1949.00000	-66.58811
1950.00000	-62.29356
1951.00000	-59.90483
1952.00000	-66.01360
1953.00000	-62.79740
1954.00000	-68.06254
1955.00000	-65.07926
1956.00000	-67.26661
1957.00000	-67.10664
1958.00000	-70.70324
1959.00000	-72.84308
1960.00000	-62.24180
1961.00000	-73.19738
1962.00000	-70.74381
1963.00000	-72.55527
1964.00000	-46.44611
1965.00000	-60.30146
1966.00000	-62.07833
1967.00000	-64.50638
1968.00000	-69.78524
1969.00000	-66.67263
1970.00000	-65.87893
1971.00000	-66.24481
1972.00000	-53.44086
1973.00000	-65.79753
1974.00000	-71.71932
1975.00000	-72.70265
1976.00000	-61.71378
1977.00000	-69.05727
1978.00000	-51.79947
1979.00000	-68.19783
1980.00000	-75.76130
1981.00000	-75.32932
1982.00000	-71.94305
1983.00000	-71.58047
1984.00000	-62.91152
1985.00000	-70.89012
1986.00000	-59.10910
1987.00000	-58.61299
1988.00000	-62.91332
1989.00000	-60.75174
1990.00000	-48.72691
1991.00000	-67.69957
1992.00000	-59.39998
1993.00000	-75.52883
1994.00000	-57.28828
1995.00000	-65.00227
1996.00000	-52.06701
1997.00000	-64.79808
1998.00000	-65.12358
1999.00000	-55.71546
2000.00000	-60.38905
2001.00000	-57.22772
2002.00000	-62.05640
2003.00000	-59.16570
2004.00000	-55.43980
2005.00000	-72.78289
2006.00000	-53.05391
2007.00000	-76.39524
2008.00000	-64.29525
2009.00000	-61.62456
2010.00000	-69.61622
2011.00000	-67.21484
2012.00000	-72.37338
2013.00000	-77.28081
2014.00000	-74.83348
2015.00000	-61.80998
2016.00000	-66.29385
2017.00000	-65.33498
2018.00000	-65.28854
2019.00000	-66.84881
2020.00000	-65.10664
2021.00000	-65.57265
2022.00000	-65.59617
2023.00000	-42.78171
2024.00000	-47.04837
2025.00000	-64.80962
2026.00000	-62.73196
2027.00000	-67.70795
2028.00000	-66.16221
2029.00000	-64.11221
2030.00000	-49.88661
2031.00000	-69.20567
2032.00000	-69.13596
2033.00000	-70.70766
2034.00000	-68.39263
2035.00000	-66.58511
2036.00000	-63.03278
2037.00000	-68.10190
2038.00000	-65.93500
2039.00000	-64.92766
2040.00000	-61.03640
2041.00000	-66.66762
2042.00000	-65.73698
2043.00000	-54.81047
2044.00000	-63.29102
2045.00000	-60.86512
2046.00000	-63.98900
2047.00000	-77.09751
2048.00000	-53.72903
2049.00000	-62.18161
2050.00000	-71.36404
2051.00000	-67.54187
2052.00000	-70.77822
2053.00000	-55.91978
2054.00000	-55.96622
2055.00000	-68.81607
2056.00000	-45.52626
2057.00000	-69.04167
2058.00000	-58.07095
2059.00000	-59.70924
2060.00000	-53.91228
2061.00000	-69.27354
2062.00000	-58.70998
2063.00000	-59.09016
2064.00000	-48.00642
2065.00000	-62.86683
2066.00000	-65.05927
2067.00000	-66.54288
2068.00000	-69.62750
2069.00000	-71.80912
2070.00000	-62.44766
2071.00000	-67.03687
2072.00000	-74.06159
2073.00000	-72.41661
2074.00000	-70.37191
2075.00000	-64.05512
2076.00000	-68.76714
2077.00000	-63.58204
2078.00000	-50.75320
2079.00000	-71.42030
2080.00000	-65.57573
2081.00000	-70.32755
2082.00000	-71.97361
2083.00000	-62.32970
2084.00000	-62.49926
2085.00000	-50.75607
2086.00000	-70.97534
2087.00000	-60.32999
2088.00000	-34.97217
2089.00000	-77.85203
2090.00000	-75.86259
2091.00000	-75.78845
2092.00000	-67.30507
2093.00000	-51.92679
2094.00000	-72.47848
2095.00000	-70.77454
2096.00000	-66.54007
2097.00000	-52.85028
2098.00000	-70.15267
2099.00000	-62.53474
2100.00000	-66.16322
2101.00000	-70.70857
2102.00000	-71.61529
2103.00000	-58.37983
2104.00000	-74.98097
2105.00000	-74.57015
2106.00000	-71.03785
2107.00000	-45.02849
2108.00000	-63.00201
2109.00000	-58.97346
2110.00000	-51.37642
2111.00000	-68.33813
2112.00000	-66.07447
2113.00000	-74.16007
2114.00000	-69.89622
2115.00000	-68.72837
2116.00000	-67.99556
2117.00000	-61.03907
2118.00000	-70.57156
2119.00000	-68.61243
2120.00000	-69.63136
2121.00000	-71.53249
2122.00000	-70.21566
2123.00000	-68.35520
2124.00000	-70.83918
2125.00000	-71.57576
2126.00000	-64.23771
2127.00000	-72.77480
2128.00000	-52.72706
2129.00000	-66.41925
2130.00000	-60.81322
2131.00000	-69.56940
2132.00000	-53.27558
2133.00000	-60.02973
2134.00000	-49.95353
2135.00000	-63.43916
2136.00000	-63.89000
2137.00000	-68.28771
2138.00000	-38.18499
2139.00000	-65.12422
2140.00000	-57.43951
2141.00000	-70.16423
2142.00000	-60.13536
2143.00000	-58.98229
2144.00000	-70.94989
2145.00000	-72.76847
2146.00000	-64.60075
2147.00000	-61.15922
2148.00000	-64.24517
2149.00000	-75.12791
2150.00000	-66.23333
2151.00000	-57.15574
2152.00000	-61.43345
2153.00000	-62.07275
2154.00000	-59.56734
2155.00000	-58.19778
2156.00000	-67.82993
2157.00000	-64.96952
2158.00000	-35.12247
2159.00000	-65.42838
2160.00000	-74.50344
2161.00000	-62.91333
2162.00000	-71.75616
2163.00000	-72.57488
2164.00000	-63.18774
2165.00000	-55.58000
2166.00000	-68.45568
2167.00000	-61.03531
2168.00000	-67.31511
2169.00000	-69.53543
2170.00000	-69.23364
2171.00000	-64.51805
2172.00000	-69.94357
2173.00000	-78.14436
2174.00000	-71.35084
2175.00000	-56.46771
2176.00000	-71.22562
2177.00000	-71.03687
2178.00000	-63.69154
2179.00000	-71.58418
2180.00000	-60.93728
2181.00000	-74.64311
2182.00000	-60.79054
2183.00000	-47.97198
2184.00000	-65.15465
2185.00000	-66.81571
2186.00000	-71.81991
2187.00000	-69.33259
2188.00000	-66.47853
2189.00000	-62.25903
2190.00000	-67.18327
2191.00000	-64.51172
2192.00000	-71.02288
2193.00000	-60.06609
2194.00000	-61.19691
2195.00000	-75.87996
2196.00000	-67.24122
2197.00000	-70.22587
2198.00000	-70.60720
2199.00000	-52.65615
2200.00000	-74.35375
2201.00000	-64.42425
2202.00000	-57.26142
2203.00000	-59.39201
2204.00000	-66.61622
2205.00000	-62.38001
2206.00000	-73.11923
2207.00000	-51.43135
2208.00000	-65.69624
2209.00000	-70.84335
2210.00000	-75.01102
2211.00000	-72.01666
2212.00000	-70.30342
2213.00000	-65.69960
2214.00000	-42.97154
2215.00000	-72.35936
2216.00000	-79.43165
2217.00000	-65.32833
2218.00000	-72.61377
2219.00000	-70.00022
2220.00000	-56.85659
2221.00000	-70.07298
2222.00000	-62.74733
2223.00000	-61.07838
2224.00000	-64.48667
2225.00000	-73.59275
2226.00000	-69.15891
2227.00000	-73.52158
2228.00000	-57.84530
2229.00000	-68.11173
2230.00000	-68.47813
2231.00000	-68.49482
2232.00000	-70.53462
2233.00000	-66.42529
2234.00000	-62.11597
2235.00000	-66.29273
2236.00000	-64.85396
2237.00000	-67.83122
2238.00000	-58.36933
2239.00000	-70.66684
2240.00000	-64.78185
2241.00000	-64.54949
2242.00000	-34.16618
2243.00000	-72.89635
2244.00000	-67.92044
2245.00000	-59.86215
2246.00000	-74.31357
2247.00000	-71.64526
2248.00000	-69.41682
2249.00000	-67.60747
2250.00000	-74.12993
2251.00000	-59.58502
2252.00000	-70.27426
2253.00000	-53.58305
2254.00000	-56.25329
2255.00000	-62.08467
2256.00000	-46.70675
2257.00000	-72.72472
2258.00000	-66.55638
2259.00000	-42.36428
2260.00000	-66.86999
2261.00000	-74.80764
2262.00000	-70.11485
2263.00000	-69.07212
2264.00000	-46.27102
2265.00000	-56.27650
2266.00000	-71.14288
2267.00000	-67.99736
2268.00000	-72.34542
2269.00000	-66.01897
2270.00000	-59.63956
2271.00000	-60.27814
2272.00000	-53.50207
2273.00000	-63.38801
2274.00000	-65.92428
2275.00000	-54.54436
2276.00000	-72.30571
2277.00000	-68.19457
2278.00000	-74.25314
2279.00000	-66.68510
2280.00000	-67.85479
2281.00000	-63.95704
2282.00000	-58.85423
2283.00000	-71.49368
2284.00000	-72.71714
2285.00000	-70.08915
2286.00000	-72.03333
2287.00000	-65.12178
2288.00000	-61.45110
2289.00000	-65.92042
2290.00000	-62.84800
2291.00000	-58.68746
2292.00000	-65.91014
2293.00000	-63.39992
2294.00000	-69.45387
2295.00000	-63.69472
2296.00000	-71.27350
2297.00000	-61.77764
2298.00000	-58.67517
2299.00000	-63.49624
2300.00000	-69.00978
2301.00000	-71.70716
2302.00000	-68.77076
2303.00000	-62.31906
2304.00000	-72.44040
2305.00000	-73.19245
2306.00000	-65.32948
2307.00000	-67.56221
2308.00000	-71.33866
2309.00000	-62.94967
2310.00000	-59.78083
2311.00000	-71.69619
2312.00000	-61.12650
2313.00000	-51.99504
2314.00000	-75.54137
2315.00000	-71.50282
2316.00000	-75.09433
2317.00000	-56.53766
2318.00000	-73.84411
2319.00000	-61.86603
2320.00000	-64.51122
2321.00000	-65.94551
2322.00000	-70.39455
2323.00000	-63.22051
2324.00000	-64.03470
2325.00000	-69.44506
2326.00000	-60.95817
2327.00000	-62.04641
2328.00000	-67.19579
2329.00000	-74.25126
2330.00000	-65.91298
2331.00000	-63.67668
2332.00000	-65.18338
2333.00000	-70.77743
2334.00000	-76.92133
2335.00000	-67.90246
2336.00000	-70.26573
2337.00000	-63.54947
2338.00000	-64.74939
2339.00000	-61.30541
2340.00000	-63.18210
2341.00000	-65.28534
2342.00000	-62.33513
2343.00000	-66.32044
2344.00000	-65.97287
2345.00000	-70.76270
2346.00000	-67.44749
2347.00000	-77.79205
2348.00000	-63.18426
2349.00000	-58.10304
2350.00000	-73.40567
2351.00000	-75.18099
2352.00000	-61.90921
2353.00000	-54.74399
2354.00000	-68.38380
2355.00000	-66.11424
2356.00000	-74.33279
2357.00000	-65.90422
2358.00000	-54.81371
2359.00000	-62.99861
2360.00000	-70.81003
2361.00000	-62.29928
2362.00000	-67.68077
2363.00000	-69.89026
2364.00000	-66.75619
2365.00000	-67.60468
2366.00000	-60.38078
2367.00000	-62.31973
2368.00000	-70.74954
2369.00000	-58.87479
2370.00000	-57.88251
2371.00000	-62.59442
2372.00000	-65.46042
2373.00000	-78.55615
2374.00000	-68.76667
2375.00000	-71.39361
2376.00000	-70.72743
2377.00000	-57.64231
2378.00000	-62.04650
2379.00000	-71.86930
2380.00000	-59.54416
2381.00000	-66.59743
2382.00000	-70.04174
2383.00000	-76.83515
2384.00000	-73.37465
2385.00000	-75.31226
2386.00000	-66.47732
2387.00000	-54.89391
2388.00000	-64.65318
2389.00000	-77.00023
2390.00000	-76.88730
2391.00000	-68.93361
2392.00000	-61.86980
2393.00000	-66.35760
2394.00000	-71.89016
2395.00000	-70.61111
2396.00000	-74.03207
2397.00000	-71.35345
2398.00000	-69.71743
2399.00000	-73.43088
2400.00000	-66.18668
2401.00000	-77.70309
2402.00000	-63.22072
2403.00000	-71.57868
2404.00000	-54.78171
2405.00000	-66.11381
2406.00000	-68.41011
2407.00000	-66.25021
2408.00000	-53.47194
2409.00000	-69.94628
2410.00000	-71.68630
2411.00000	-70.49420
2412.00000	-69.34291
2413.00000	-62.22808
2414.00000	-68.63441
2415.00000	-61.68751
2416.00000	-68.96946
2417.00000	-72.59057
2418.00000	-68.40572
2419.00000	-61.07415
2420.00000	-71.32111
2421.00000	-67.66251
2422.00000	-60.10763
2423.00000	-62.13000
2424.00000	-67.08575
2425.00000	-72.45960
2426.00000	-72.24462
2427.00000	-65.95631
2428.00000	-55.48740
2429.00000	-71.37348
2430.00000	-55.59464
2431.00000	-72.54428
2432.00000	-59.92723
2433.00000	-47.74676
2434.00000	-67.16814
2435.00000	-70.90307
2436.00000	-65.04568
2437.00000	-65.90254
2438.00000	-66.00864
2439.00000	-66.23909
2440.00000	-63.45691
2441.00000	-65.09936
2442.00000	-70.99445
2443.00000	-71.19713
2444.00000	-67.54009
2445.00000	-62.48141
2446.00000	-50.40586
2447.00000	-57.82946
2448.00000	-73.26324
2449.00000	-58.52420
2450.00000	-62.20947
2451.00000	-64.48019
2452.00000	-65.53837
2453.00000	-71.36178
2454.00000	-73.87716
2455.00000	-65.78313
2456.00000	-58.59605
2457.00000	-68.15894
2458.00000	-76.00180
2459.00000	-66.47166
2460.00000	-68.33548
2461.00000	-65.82290
2462.00000	-63.24864
2463.00000	-67.02996
2464.00000	-63.86177
2465.00000	-46.89684
2466.00000	-59.81637
2467.00000	-58.40584
2468.00000	-67.45004
2469.00000	-63.28103
2470.00000	-72.22477
2471.00000	-48.49990
2472.00000	-78.00338
2473.00000	-72.92303
2474.00000	-56.32283
2475.00000	-73.90735
2476.00000	-73.38074
2477.00000	-62.39111
2478.00000	-60.12994
2479.00000	-65.62839
2480.00000	-57.75308
2481.00000	-71.32606
2482.00000	-67.81626
2483.00000	-65.50030
2484.00000	-52.89724
2485.00000	-59.99235
2486.00000	-58.35363
2487.00000	-64.11182
2488.00000	-64.06889
2489.00000	-64.27832
2490.00000	-74.50289
2491.00000	-61.05696
2492.00000	-67.73824
2493.00000	-67.71949
2494.00000	-70.04411
2495.00000	-59.83177
2496.00000	-67.79200
2497.00000	-55.61737
2498.00000	-72.59115
2499.00000	-75.31711
2500.00000	-68.69089
2501.00000	-70.58736
2502.00000	-69.45327
2503.00000	-55.22053
2504.00000	-61.73056
2505.00000	-64.45284
2506.00000	-67.66751
2507.00000	-64.40186
2508.00000	-68.20796
2509.00000	-56.06590
2510.00000	-71.06880
2511.00000	-37.24132
2512.00000	-67.78365
2513.00000	-72.58440
2514.00000	-63.74082
2515.00000	-78.40109
2516.00000	-49.58586
2517.00000	-65.69679
2518.00000	-71.92245
2519.00000	-71.80928
2520.00000	-66.88421
2521.00000	-54.51666
2522.00000	-68.90073
2523.00000	-69.44528
2524.00000	-65.41438
2525.00000	-60.06118
2526.00000	-69.53062
2527.00000	-64.61299
2528.00000	-62.35249
2529.00000	-66.37346
2530.00000	-65.61316
2531.00000	-63.50933
2532.00000	-68.68404
2533.00000	-74.38211
2534.00000	-53.39604
2535.00000	-68.62162
2536.00000	-56.24116
2537.00000	-70.73498
2538.00000	-65.49038
2539.00000	-66.52075
2540.00000	-66.78019
2541.00000	-68.55146
2542.00000	-60.17938
2543.00000	-58.14898
2544.00000	-61.11465
2545.00000	-62.51614
2546.00000	-66.75782
2547.00000	-66.13744
2548.00000	-59.65094
2549.00000	-72.34758
2550.00000	-65.93011
2551.00000	-72.07922
2552.00000	-58.54792
2553.00000	-66.77459
2554.00000	-64.78208
2555.00000	-76.10376
2556.00000	-63.75335
2557.00000	-67.36617
2558.00000	-58.53893
2559.00000	-47.58636
2560.00000	-72.33480
2561.00000	-68.10195
2562.00000	-72.63291
2563.00000	-58.93327
2564.00000	-65.15792
2565.00000	-60.77142
2566.00000	-68.46566
2567.00000	-71.53524
2568.00000	-69.78433
2569.00000	-65.82939
2570.00000	-75.51041
2571.00000	-46.99296
2572.00000	-57.59972
2573.00000	-70.44873
2574.00000	-66.98633
2575.00000	-58.33218
2576.00000	-62.17708
2577.00000	-58.69716
2578.00000	-69.27021
2579.00000	-69.53801
2580.00000	-67.37625
2581.00000	-62.19583
2582.00000	-63.49307
2583.00000	-72.45000
2584.00000	-66.84406
2585.00000	-73.78839
2586.00000	-63.32079
2587.00000	-64.97593
2588.00000	-66.08568
2589.00000	-61.50187
2590.00000	-67.63574
2591.00000	-68.26460
2592.00000	-63.45819
2593.00000	-63.37507
2594.00000	-65.51616
2595.00000	-61.38902
2596.00000	-61.77271
2597.00000	-66.04457
2598.00000	-55.51411
2599.00000	-60.89346
2600.00000	-51.14704
2601.00000	-56.12080
2602.00000	-70.10814
2603.00000	-61.54203
2604.00000	-61.13793
2605.00000	-59.88024
2606.00000	-65.73344
2607.00000	-68.45086
2608.00000	-53.21721
2609.00000	-64.06536
2610.00000	-74.96661
2611.00000	-69.33980
2612.00000	-60.99553
2613.00000	-70.33483
2614.00000	-67.06776
2615.00000	-62.55487
2616.00000	-68.42293
2617.00000	-68.99492
2618.00000	-59.79035
2619.00000	-48.43071
2620.00000	-62.93691
2621.00000	-60.62000
2622.00000	-42.51153
2623.00000	-64.31246
2624.00000	-73.06649
2625.00000	-45.29348
2626.00000	-65.74676
2627.00000	-53.85022
2628.00000	-67.22279
2629.00000	-67.73185
2630.00000	-73.84755
2631.00000	-70.01178
2632.00000	-68.79324
2633.00000	-66.91893
2634.00000	-64.03707
2635.00000	-69.50526
2636.00000	-74.16137
2637.00000	-68.76982
2638.00000	-63.11793
2639.00000	-72.22633
2640.00000	-68.41246
2641.00000	-65.09639
2642.00000	-56.12851
2643.00000	-48.12993
2644.00000	-74.58232
2645.00000	-62.76691
2646.00000	-70.28855
2647.00000	-71.69624
2648.00000	-64.26581
2649.00000	-66.47071
2650.00000	-74.21558
2651.00000	-71.64318
2652.00000	-71.45072
2653.00000	-68.70828
2654.00000	-54.22732
2655.00000	-62.94464
2656.00000	-72.82637
2657.00000	-68.13685
2658.00000	-76.00490
2659.00000	-63.99284
2660.00000	-61.32037
2661.00000	-74.41330
2662.00000	-71.66170
2663.00000	-62.43696
2664.00000	-56.11182
2665.00000	-56.77313
2666.00000	-67.29270
2667.00000	-66.56987
2668.00000	-72.38770
2669.00000	-63.95732
2670.00000	-62.13620
2671.00000	-66.99581
2672.00000	-64.30345
2673.00000	-62.42191
2674.00000	-70.85473
2675.00000	-73.90014
2676.00000	-67.28155
2677.00000	-64.51015
2678.00000	-68.48234
2679.00000	-67.48934
2680.00000	-68.83907
2681.00000	-69.08459
2682.00000	-67.24605
2683.00000	-43.79358
2684.00000	-57.18789
2685.00000	-62.02312
2686.00000	-69.49568
2687.00000	-66.21312
2688.00000	-69.07387
2689.00000	-72.51692
2690.00000	-68.79315
2691.00000	-66.06221
2692.00000	-66.68942
2693.00000	-45.81002
2694.00000	-61.41707
2695.00000	-62.01156
2696.00000	-61.88241
2697.00000	-65.90189
2698.00000	-71.16070
2699.00000	-71.09393
2700.00000	-69.62246
2701.00000	-70.26527
2702.00000	-66.38424
2703.00000	-50.96314
2704.00000	-61.55820
2705.00000	-71.98858
2706.00000	-66.66494
2707.00000	-59.62996
2708.00000	-69.71469
2709.00000	-48.96132
2710.00000	-63.81628
2711.00000	-57.25508
2712.00000	-71.17135
2713.00000	-57.92527
2714.00000	-71.66814
2715.00000	-72.18143
2716.00000	-62.99108
2717.00000	-68.09534
2718.00000	-58.77735
2719.00000	-70.02695
2720.00000	-72.31548
2721.00000	-66.38166
2722.00000	-56.20192
2723.00000	-62.25241
2724.00000	-58.05628
2725.00000	-69.75274
2726.00000	-66.54435
2727.00000	-65.55983
2728.00000	-66.28020
2729.00000	-63.93947
2730.00000	-61.02861
2731.00000	-66.95733
2732.00000	-66.72456
2733.00000	-66.92221
2734.00000	-65.52801
2735.00000	-61.67400
2736.00000	-59.35469
2737.00000	-73.80707
2738.00000	-60.79591
2739.00000	-59.69862
2740.00000	-67.30888
2741.00000	-69.04165
2742.00000	-71.34138
2743.00000	-58.58016
2744.00000	-47.39918
2745.00000	-67.43453
2746.00000	-68.66861
2747.00000	-66.18956
2748.00000	-70.84715
2749.00000	-72.84712
2750.00000	-38.91033
2751.00000	-67.99827
2752.00000	-62.21453
2753.00000	-48.15310
2754.00000	-44.83025
2755.00000	-42.02707
2756.00000	-70.91458
2757.00000	-67.35912
2758.00000	-42.18135
2759.00000	-64.21168
2760.00000	-73.01605
2761.00000	-63.94175
2762.00000	-67.94486
2763.00000	-67.12103
2764.00000	-58.07802
2765.00000	-70.84475
2766.00000	-60.71392
2767.00000	-66.66157
2768.00000	-61.45496
2769.00000	-50.19293
2770.00000	-72.25591
2771.00000	-74.81292
2772.00000	-69.60937
2773.00000	-67.96578
2774.00000	-59.44969
2775.00000	-70.47954
2776.00000	-54.26831
2777.00000	-64.79909
2778.00000	-68.82452
2779.00000	-72.17985
