# Results collected after 10000 snapshots.
-131.71118	0.00000
-131.70918	0.00000
-131.70718	0.00000
-131.70518	0.00000
-131.70318	0.00000
-131.70118	0.00000
-131.69918	0.00000
-131.69718	0.00000
-131.69518	0.00000
-131.69318	0.00000
-131.69118	0.00000
-131.68918	0.00000
-131.68718	0.00000
-131.68518	0.00000
-131.68318	0.00000
-131.68118	0.00000
-131.67918	0.00000
-131.67718	0.00000
-131.67518	0.00000
-131.67318	0.00000
-131.67118	0.00000
-131.66918	0.00000
-131.66718	0.00000
-131.66518	0.00000
-131.66318	0.00000
-131.66118	0.00000
-131.65918	0.00000
-131.65718	0.00000
-131.65518	0.00000
-131.65318	0.00000
-131.65118	0.00000
-131.64918	0.00000
-131.64718	0.00000
-131.64518	0.00000
-131.64318	0.00000
-131.64118	0.00000
-131.63918	0.00000
-131.63718	0.00000
-131.63518	0.00000
-131.63318	0.00000
-131.63118	0.00000
-131.62918	0.00000
-131.62718	0.00000
-131.62518	0.00000
-131.62318	0.00000
-131.62118	0.00000
-131.61918	0.00000
-131.61718	0.00000
-131.61518	0.00000
-131.61318	0.00000
-131.61118	0.00000
-131.60918	0.00000
-131.60718	0.00000
-131.60518	0.00000
-131.60318	0.00000
-131.60118	0.00000
-131.59918	0.00000
-131.59718	0.00000
-131.59518	0.00000
-131.59318	0.00000
-131.59118	0.00000
-131.58918	0.00000
-131.58718	0.00000
-131.58518	0.00000
-131.58318	0.00000
-131.58118	0.00000
-131.57918	0.00000
-131.57718	0.00000
-131.57518	0.00000
-131.57318	0.00000
-131.57118	0.00000
-131.56918	0.00000
-131.56718	0.00000
-131.56518	0.00000
-131.56318	0.00000
-131.56118	0.00000
-131.55918	0.00000
-131.55718	0.00000
-131.55518	0.00000
-131.55318	0.00000
-131.55118	0.00000
-131.54918	0.00000
-131.54718	0.00000
-131.54518	0.00000
-131.54318	0.00000
-131.54118	0.00000
-131.53918	0.00000
-131.53718	0.00000
-131.53518	0.00000
-131.53318	0.00000
-131.53118	0.00000
-131.52918	0.00000
-131.52718	0.00000
-131.52518	0.00000
-131.52318	0.00000
-131.52118	0.00000
-131.51918	0.00000
-131.51718	0.00000
-131.51518	0.00000
-131.51318	0.00000
-131.51118	0.00000
-131.50918	0.00000
-131.50718	0.00000
-131.50518	0.00000
-131.50318	0.00000
-131.50118	0.00000
-131.49918	0.00000
-131.49718	0.00000
-131.49518	0.00000
-131.49318	0.00000
-131.49118	0.00000
-131.48918	0.00000
-131.48718	0.00000
-131.48518	0.00000
-131.48318	0.00000
-131.48118	0.00000
-131.47918	0.00000
-131.47718	0.00000
-131.47518	0.00000
-131.47318	0.00000
-131.47118	0.00000
-131.46918	0.00000
-131.46718	0.00000
-131.46518	0.00000
-131.46318	0.00000
-131.46118	0.00000
-131.45918	0.00000
-131.45718	0.00000
-131.45518	0.00000
-131.45318	0.00000
-131.45118	0.00000
-131.44918	0.00000
-131.44718	0.00000
-131.44518	0.00000
-131.44318	0.00000
-131.44118	0.00000
-131.43918	0.00000
-131.43718	0.00000
-131.43518	0.00000
-131.43318	0.00000
-131.43118	0.00000
-131.42918	0.00000
-131.42718	0.00000
-131.42518	0.00000
-131.42318	0.00000
-131.42118	0.00000
-131.41918	0.00000
-131.41718	0.00000
-131.41518	0.00000
-131.41318	0.00000
-131.41118	0.00000
-131.40918	0.00000
-131.40718	0.00000
-131.40518	0.00000
-131.40318	0.00000
-131.40118	0.00000
-131.39918	0.00000
-131.39718	0.00000
-131.39518	0.00000
-131.39318	0.00000
-131.39118	0.00000
-131.38918	0.00000
-131.38718	0.00000
-131.38518	0.00000
-131.38318	0.00000
-131.38118	0.00000
-131.37918	0.00000
-131.37718	0.00000
-131.37518	0.00000
-131.37318	0.00000
-131.37118	0.00000
-131.36918	0.00000
-131.36718	0.00000
-131.36518	0.00000
-131.36318	0.00000
-131.36118	0.00000
-131.35918	0.00000
-131.35718	0.00000
-131.35518	0.00000
-131.35318	0.00000
-131.35118	0.00000
-131.34918	0.00000
-131.34718	0.00000
-131.34518	0.00000
-131.34318	0.00000
-131.34118	0.00000
-131.33918	0.00000
-131.33718	0.00000
-131.33518	0.00000
-131.33318	0.00000
-131.33118	0.00000
-131.32918	0.00000
-131.32718	0.00000
-131.32518	0.00000
-131.32318	0.00000
-131.32118	0.00000
-131.31918	0.00000
-131.31718	0.00000
-131.31518	0.00000
-131.31318	0.00000
-131.31118	0.00000
-131.30918	0.00000
-131.30718	0.00000
-131.30518	0.00000
-131.30318	0.00000
-131.30118	0.00000
-131.29918	0.00000
-131.29718	0.00000
-131.29518	0.00000
-131.29318	0.00000
-131.29118	0.00000
-131.28918	0.00000
-131.28718	0.00000
-131.28518	0.00000
-131.28318	0.00000
-131.28118	0.00000
-131.27918	0.00000
-131.27718	0.00000
-131.27518	0.00000
-131.27318	0.00000
-131.27118	0.00000
-131.26918	0.00000
-131.26718	0.00000
-131.26518	0.00000
-131.26318	0.00000
-131.26118	0.00000
-131.25918	0.00000
-131.25718	0.00000
-131.25518	0.00000
-131.25318	0.00000
-131.25118	0.00000
-131.24918	0.00000
-131.24718	0.00000
-131.24518	0.00000
-131.24318	0.00000
-131.24118	0.00000
-131.23918	0.00000
-131.23718	0.00000
-131.23518	0.00000
-131.23318	0.00000
-131.23118	0.00000
-131.22918	0.00000
-131.22718	0.00000
-131.22518	0.00000
-131.22318	0.00000
-131.22118	0.00000
-131.21918	0.00000
-131.21718	0.00000
-131.21518	0.00000
-131.21318	0.00000
-131.21118	1.00000
-131.20918	1.00000
-131.20718	1.00000
-131.20518	1.00000
-131.20318	1.00000
-131.20118	1.00000
-131.19918	1.00000
-131.19718	1.00000
-131.19518	1.00000
-131.19318	1.00000
-131.19118	1.00000
-131.18918	1.00000
-131.18718	1.00000
-131.18518	1.00000
-131.18318	1.00000
-131.18118	1.00000
-131.17918	1.00000
-131.17718	1.00000
-131.17518	1.00000
-131.17318	1.00000
-131.17118	1.00000
-131.16918	1.00000
-131.16718	1.00000
-131.16518	1.00000
-131.16318	1.00000
-131.16118	1.00000
-131.15918	1.00000
-131.15718	1.00000
-131.15518	1.00000
-131.15318	1.00000
-131.15118	1.00000
-131.14918	1.00000
-131.14718	1.00000
-131.14518	1.00000
-131.14318	1.00000
-131.14118	1.00000
-131.13918	1.00000
-131.13718	1.00000
-131.13518	1.00000
-131.13318	1.00000
-131.13118	1.00000
-131.12918	1.00000
-131.12718	1.00000
-131.12518	1.00000
-131.12318	1.00000
-131.12118	1.00000
-131.11918	1.00000
-131.11718	1.00000
-131.11518	1.00000
-131.11318	1.00000
-131.11118	1.00000
-131.10918	1.00000
-131.10718	1.00000
-131.10518	1.00000
-131.10318	1.00000
-131.10118	1.00000
-131.09918	1.00000
-131.09718	1.00000
-131.09518	1.00000
-131.09318	1.00000
-131.09118	1.00000
-131.08918	1.00000
-131.08718	1.00000
-131.08518	1.00000
-131.08318	1.00000
-131.08118	1.00000
-131.07918	1.00000
-131.07718	1.00000
-131.07518	1.00000
-131.07318	1.00000
-131.07118	1.00000
-131.06918	1.00000
-131.06718	1.00000
-131.06518	1.00000
-131.06318	1.00000
-131.06118	1.00000
-131.05918	1.00000
-131.05718	1.00000
-131.05518	1.00000
-131.05318	1.00000
-131.05118	1.00000
-131.04918	1.00000
-131.04718	1.00000
-131.04518	1.00000
-131.04318	1.00000
-131.04118	1.00000
-131.03918	1.00000
-131.03718	1.00000
-131.03518	1.00000
-131.03318	1.00000
-131.03118	1.00000
-131.02918	1.00000
-131.02718	1.00000
-131.02518	1.00000
-131.02318	1.00000
-131.02118	1.00000
-131.01918	1.00000
-131.01718	1.00000
-131.01518	1.00000
-131.01318	1.00000
-131.01118	1.00000
-131.00918	1.00000
-131.00718	1.00000
-131.00518	1.00000
-131.00318	1.00000
-131.00118	1.00000
-130.99918	1.00000
-130.99718	1.00000
-130.99518	1.00000
-130.99318	1.00000
-130.99118	1.00000
-130.98918	1.00000
-130.98718	1.00000
-130.98518	1.00000
-130.98318	1.00000
-130.98118	1.00000
-130.97918	1.00000
-130.97718	1.00000
-130.97518	1.00000
-130.97318	1.00000
-130.97118	1.00000
-130.96918	1.00000
-130.96718	1.00000
-130.96518	1.00000
-130.96318	1.00000
-130.96118	1.00000
-130.95918	1.00000
-130.95718	1.00000
-130.95518	1.00000
-130.95318	1.00000
-130.95118	1.00000
-130.94918	1.00000
-130.94718	1.00000
-130.94518	1.00000
-130.94318	1.00000
-130.94118	1.00000
-130.93918	1.00000
-130.93718	1.00000
-130.93518	1.00000
-130.93318	1.00000
-130.93118	1.00000
-130.92918	1.00000
-130.92718	1.00000
-130.92518	1.00000
-130.92318	1.00000
-130.92118	1.00000
-130.91918	1.00000
-130.91718	1.00000
-130.91518	1.00000
-130.91318	1.00000
-130.91118	1.00000
-130.90918	1.00000
-130.90718	1.00000
-130.90518	1.00000
-130.90318	1.00000
-130.90118	1.00000
-130.89918	1.00000
-130.89718	1.00000
-130.89518	1.00000
-130.89318	1.00000
-130.89118	1.00000
-130.88918	1.00000
-130.88718	1.00000
-130.88518	1.00000
-130.88318	1.00000
-130.88118	1.00000
-130.87918	1.00000
-130.87718	1.00000
-130.87518	1.00000
-130.87318	1.00000
-130.87118	1.00000
-130.86918	1.00000
-130.86718	1.00000
-130.86518	1.00000
-130.86318	1.00000
-130.86118	1.00000
-130.85918	1.00000
-130.85718	1.00000
-130.85518	1.00000
-130.85318	1.00000
-130.85118	1.00000
-130.84918	1.00000
-130.84718	1.00000
-130.84518	1.00000
-130.84318	1.00000
-130.84118	1.00000
-130.83918	1.00000
-130.83718	1.00000
-130.83518	1.00000
-130.83318	1.00000
-130.83118	1.00000
-130.82918	1.00000
-130.82718	1.00000
-130.82518	1.00000
-130.82318	1.00000
-130.82118	1.00000
-130.81918	1.00000
-130.81718	1.00000
-130.81518	1.00000
-130.81318	1.00000
-130.81118	1.00000
-130.80918	1.00000
-130.80718	1.00000
-130.80518	1.00000
-130.80318	1.00000
-130.80118	1.00000
-130.79918	1.00000
-130.79718	1.00000
-130.79518	1.00000
-130.79318	1.00000
-130.79118	1.00000
-130.78918	1.00000
-130.78718	1.00000
-130.78518	1.00000
-130.78318	1.00000
-130.78118	1.00000
-130.77918	1.00000
-130.77718	1.00000
-130.77518	1.00000
-130.77318	1.00000
-130.77118	1.00000
-130.76918	1.00000
-130.76718	1.00000
-130.76518	1.00000
-130.76318	1.00000
-130.76118	1.00000
-130.75918	1.00000
-130.75718	1.00000
-130.75518	1.00000
-130.75318	1.00000
-130.75118	1.00000
-130.74918	1.00000
-130.74718	1.00000
-130.74518	1.00000
-130.74318	1.00000
-130.74118	1.00000
-130.73918	1.00000
-130.73718	1.00000
-130.73518	1.00000
-130.73318	1.00000
-130.73118	1.00000
-130.72918	1.00000
-130.72718	1.00000
-130.72518	1.00000
-130.72318	1.00000
-130.72118	1.00000
-130.71918	1.00000
-130.71718	1.00000
-130.71518	1.00000
-130.71318	1.00000
