# Results collected after 10000 snapshots.
-4.74982	0.85714
-4.72432	0.85714
-4.69882	0.85714
-4.67332	0.85714
-4.64782	0.85714
-4.62232	0.85714
-4.59682	0.85714
-4.57132	0.85714
-4.54583	0.85714
-4.52033	0.85714
-4.49483	0.85714
-4.46933	0.85714
-4.44383	0.85714
-4.41833	0.85714
-4.39283	0.85714
-4.36733	0.85714
-4.34183	0.85714
-4.31633	0.85714
-4.29083	0.85714
-4.26533	0.85714
-4.23983	0.85714
-4.21433	0.85714
-4.18883	0.85714
-4.16333	0.85714
-4.13783	0.85714
-4.11233	0.85714
-4.08683	0.85714
-4.06133	0.85714
-4.03583	0.85714
-4.01033	0.85714
-3.98483	0.85714
-3.95933	0.85714
-3.93383	0.85714
-3.90833	0.85714
-3.88283	0.85714
-3.85733	0.85714
-3.83184	0.85714
-3.80634	0.85714
-3.78084	0.85714
-3.75534	0.85714
-3.72984	0.85714
-3.70434	0.85714
-3.67884	0.85714
-3.65334	0.85714
-3.62784	0.85714
-3.60234	0.85714
-3.57684	0.85714
-3.55134	0.85714
-3.52584	0.85714
-3.50034	0.85714
-3.47484	0.85714
-3.44934	0.85714
-3.42384	0.85714
-3.39834	0.85714
-3.37284	0.85714
-3.34734	0.85714
-3.32184	0.85714
-3.29634	0.85714
-3.27084	0.85714
-3.24534	0.85714
-3.21984	0.85714
-3.19434	0.85714
-3.16884	0.85714
-3.14334	0.85714
-3.11785	0.85714
-3.09235	0.85714
-3.06685	0.85714
-3.04135	0.85714
-3.01585	0.85714
-2.99035	0.85714
-2.96485	0.85714
-2.93935	0.85714
-2.91385	0.85714
-2.88835	0.85714
-2.86285	0.85714
-2.83735	0.85714
-2.81185	0.85714
-2.78635	0.85714
-2.76085	0.85714
-2.73535	0.85714
-2.70985	0.85714
-2.68435	0.85714
-2.65885	0.85714
-2.63335	0.85714
-2.60785	0.85714
-2.58235	0.85714
-2.55685	0.85714
-2.53135	0.85714
-2.50585	0.85714
-2.48035	0.85714
-2.45485	0.85714
-2.42935	0.85714
-2.40386	0.85714
-2.37836	0.85714
-2.35286	0.85714
-2.32736	0.85714
-2.30186	0.85714
-2.27636	0.85714
-2.25086	0.85714
-2.22536	0.85714
-2.19986	0.85714
-2.17436	0.85714
-2.14886	0.85714
-2.12336	0.85714
-2.09786	0.85714
-2.07236	0.85714
-2.04686	0.85714
-2.02136	0.85714
-1.99586	0.85714
-1.97036	0.85714
-1.94486	0.85714
-1.91936	0.85714
-1.89386	0.85714
-1.86836	0.85714
-1.84286	0.85714
-1.81736	0.85714
-1.79186	0.85714
-1.76636	0.85714
-1.74086	0.85714
-1.71536	0.85714
-1.68987	0.85714
-1.66437	0.85714
-1.63887	0.85714
-1.61337	0.85714
-1.58787	0.85714
-1.56237	0.85714
-1.53687	0.85714
-1.51137	0.85714
-1.48587	0.85714
-1.46037	0.85714
-1.43487	0.85714
-1.40937	0.85714
-1.38387	0.85714
-1.35837	0.85714
-1.33287	0.85714
-1.30737	0.85714
-1.28187	0.85714
-1.25637	0.85714
-1.23087	0.85714
-1.20537	0.85714
-1.17987	0.85714
-1.15437	0.85714
-1.12887	0.85714
-1.10337	0.85714
-1.07787	0.85714
-1.05237	0.85714
-1.02687	0.85714
-1.00137	0.85714
-0.97588	0.85714
-0.95038	0.85714
-0.92488	0.85714
-0.89938	0.85714
-0.87388	0.85714
-0.84838	0.85714
-0.82288	0.85714
-0.79738	0.85714
-0.77188	0.85714
-0.74638	0.85714
-0.72088	0.85714
-0.69538	0.85714
-0.66988	0.85714
-0.64438	0.85714
-0.61888	0.85714
-0.59338	0.85714
-0.56788	0.85714
-0.54238	0.85714
-0.51688	0.85714
-0.49138	0.85714
-0.46588	0.85714
-0.44038	0.85714
-0.41488	0.85714
-0.38938	0.85714
-0.36388	0.85714
-0.33838	0.85714
-0.31288	0.85714
-0.28738	0.85714
-0.26188	0.85714
-0.23639	0.85714
-0.21089	0.85714
-0.18539	0.85714
-0.15989	0.85714
-0.13439	0.85714
-0.10889	0.85714
-0.08339	0.85714
-0.05789	0.85714
-0.03239	0.85714
-0.00689	0.85714
0.01861	0.85714
0.04411	0.85714
0.06961	0.85714
0.09511	0.85714
0.12061	0.85714
0.14611	0.85714
0.17161	0.85714
0.19711	0.85714
0.22261	0.85714
0.24811	0.85714
0.27361	0.85714
0.29911	0.85714
0.32461	0.85714
0.35011	0.85714
0.37561	0.85714
0.40111	0.85714
0.42661	0.85714
0.45211	0.85714
0.47760	0.85714
0.50310	0.85714
0.52860	0.85714
0.55410	0.85714
0.57960	0.85714
0.60510	0.85714
0.63060	0.85714
0.65610	0.85714
0.68160	0.85714
0.70710	0.85714
0.73260	0.85714
0.75810	0.85714
0.78360	0.85714
0.80910	0.85714
0.83460	0.85714
0.86010	0.85714
0.88560	0.85714
0.91110	0.85714
0.93660	0.85714
0.96210	0.85714
0.98760	0.85714
1.01310	0.85714
1.03860	0.85714
1.06410	0.85714
1.08960	0.85714
1.11510	0.85714
1.14060	0.85714
1.16610	0.85714
1.19159	0.85714
1.21709	0.85714
1.24259	0.85714
1.26809	0.85714
1.29359	0.85714
1.31909	0.85714
1.34459	0.85714
1.37009	0.85714
1.39559	0.85714
1.42109	0.85714
1.44659	0.85714
1.47209	0.85714
1.49759	0.85714
1.52309	0.85714
1.54859	0.85714
1.57409	0.85714
1.59959	0.85714
1.62509	0.85714
1.65059	0.85714
1.67609	0.85714
1.70159	0.85714
1.72709	0.85714
1.75259	0.85714
1.77809	0.85714
1.80359	0.85714
1.82909	0.85714
1.85459	0.85714
1.88009	0.85714
1.90558	0.85714
1.93108	0.85714
1.95658	0.85714
1.98208	0.85714
2.00758	0.85714
2.03308	0.85714
2.05858	0.85714
2.08408	0.85714
2.10958	0.85714
2.13508	0.85714
2.16058	0.85714
2.18608	0.85714
2.21158	0.85714
2.23708	0.85714
2.26258	0.85714
2.28808	0.85714
2.31358	0.85714
2.33908	0.85714
2.36458	0.85714
2.39008	0.85714
2.41558	0.85714
2.44108	0.85714
2.46658	0.85714
2.49208	0.85714
2.51758	0.85714
2.54308	0.85714
2.56858	0.85714
2.59408	0.85714
2.61957	0.85714
2.64507	0.85714
2.67057	0.85714
2.69607	0.85714
2.72157	0.85714
2.74707	0.85714
2.77257	0.85714
2.79807	0.85714
2.82357	0.85714
2.84907	0.85714
2.87457	0.85714
2.90007	0.85714
2.92557	0.85714
2.95107	0.85714
2.97657	0.85714
3.00207	0.85714
3.02757	0.85714
3.05307	0.85714
3.07857	0.85714
3.10407	0.85714
3.12957	0.85714
3.15507	0.85714
3.18057	0.85714
3.20607	0.85714
3.23157	0.85714
3.25707	0.85714
3.28257	0.85714
3.30807	0.85714
3.33356	0.85714
3.35906	0.85714
3.38456	0.85714
3.41006	0.85714
3.43556	0.85714
3.46106	0.85714
3.48656	0.85714
3.51206	0.85714
3.53756	0.85714
3.56306	0.85714
3.58856	0.85714
3.61406	0.85714
3.63956	0.85714
3.66506	0.85714
3.69056	0.85714
3.71606	0.85714
3.74156	0.85714
3.76706	0.85714
3.79256	0.85714
3.81806	0.85714
3.84356	0.85714
3.86906	0.85714
3.89456	0.85714
3.92006	0.85714
3.94556	0.85714
3.97106	0.85714
3.99656	0.85714
4.02206	0.85714
4.04756	0.85714
4.07305	0.85714
4.09855	0.85714
4.12405	0.85714
4.14955	0.85714
4.17505	0.85714
4.20055	0.85714
4.22605	0.85714
4.25155	0.85714
4.27705	0.85714
4.30255	0.85714
4.32805	0.85714
4.35355	0.85714
4.37905	0.85714
4.40455	0.85714
4.43005	0.85714
4.45555	0.85714
4.48105	0.85714
4.50655	0.85714
4.53205	0.85714
4.55755	0.85714
4.58305	0.85714
4.60855	0.85714
4.63405	0.85714
4.65955	0.85714
4.68505	0.85714
4.71055	0.85714
4.73605	0.85714
4.76155	0.85714
4.78704	0.85714
4.81254	0.85714
4.83804	0.85714
4.86354	0.85714
4.88904	0.85714
4.91454	0.85714
4.94004	0.85714
4.96554	0.85714
4.99104	0.85714
5.01654	0.85714
5.04204	0.85714
5.06754	0.85714
5.09304	0.85714
5.11854	0.85714
5.14404	0.85714
5.16954	0.85714
5.19504	0.85714
5.22054	0.85714
5.24604	0.85714
5.27154	0.85714
5.29704	0.85714
5.32254	0.85714
5.34804	0.85714
5.37354	0.85714
5.39904	0.85714
5.42454	0.85714
5.45004	0.85714
5.47554	0.85714
5.50103	0.85714
5.52653	0.85714
5.55203	0.85714
5.57753	0.85714
5.60303	0.85714
5.62853	0.85714
5.65403	0.85714
5.67953	0.85714
5.70503	0.85714
5.73053	0.85714
5.75603	0.85714
5.78153	0.85714
5.80703	0.85714
5.83253	0.85714
5.85803	0.85714
5.88353	0.85714
5.90903	0.85714
5.93453	0.85714
5.96003	0.85714
5.98553	0.85714
6.01103	0.85714
6.03653	0.85714
6.06203	0.85714
6.08753	0.85714
6.11303	0.85714
6.13853	0.85714
6.16403	0.85714
6.18953	0.85714
6.21502	0.85714
6.24052	0.85714
6.26602	0.85714
6.29152	0.85714
6.31702	0.85714
6.34252	0.85714
6.36802	0.85714
6.39352	0.85714
6.41902	0.85714
6.44452	0.85714
6.47002	0.85714
6.49552	0.85714
6.52102	0.85714
6.54652	0.85714
6.57202	0.85714
6.59752	0.85714
6.62302	0.85714
6.64852	0.85714
6.67402	0.85714
6.69952	0.85714
6.72502	0.85714
6.75052	0.85714
6.77602	0.85714
6.80152	0.85714
6.82702	0.85714
6.85252	0.85714
6.87802	0.85714
6.90352	0.85714
6.92901	0.85714
6.95451	0.85714
6.98001	0.85714
7.00551	0.85714
7.03101	0.85714
7.05651	0.85714
7.08201	0.85714
7.10751	0.85714
7.13301	0.85714
7.15851	0.85714
7.18401	0.85714
7.20951	0.85714
7.23501	0.85714
7.26051	0.85714
7.28601	0.85714
7.31151	0.85714
7.33701	0.85714
7.36251	0.85714
7.38801	0.85714
7.41351	0.85714
7.43901	0.85714
7.46451	0.85714
7.49001	0.85714
7.51551	0.85714
7.54101	0.85714
7.56651	0.85714
7.59201	0.85714
7.61751	0.85714
7.64300	0.85714
7.66850	0.85714
7.69400	0.85714
7.71950	0.85714
7.74500	0.85714
7.77050	0.85714
7.79600	0.85714
7.82150	0.85714
7.84700	0.85714
7.87250	0.85714
7.89800	0.85714
7.92350	0.85714
7.94900	0.85714
7.97450	1.00000
