# Results collected after 10000 snapshots.
-28.00000	0.24053
-27.95000	0.24124
-27.90000	0.24196
-27.85000	0.24270
-27.80000	0.24339
-27.75000	0.24403
-27.70000	0.24460
-27.65000	0.24503
-27.60000	0.24583
-27.55000	0.24654
-27.50000	0.24710
-27.45000	0.24767
-27.40001	0.24819
-27.35001	0.24900
-27.30001	0.24961
-27.25001	0.25029
-27.20001	0.25093
-27.15001	0.25151
-27.10001	0.25227
-27.05001	0.25276
-27.00001	0.25333
-26.95001	0.25407
-26.90001	0.25477
-26.85001	0.25560
-26.80001	0.25611
-26.75001	0.25667
-26.70001	0.25733
-26.65001	0.25797
-26.60001	0.25860
-26.55001	0.25924
-26.50001	0.25987
-26.45001	0.26056
-26.40001	0.26104
-26.35001	0.26169
-26.30001	0.26237
-26.25002	0.26303
-26.20002	0.26380
-26.15002	0.26436
-26.10002	0.26500
-26.05002	0.26574
-26.00002	0.26647
-25.95002	0.26719
-25.90002	0.26779
-25.85002	0.26833
-25.80002	0.26911
-25.75002	0.26983
-25.70002	0.27049
-25.65002	0.27109
-25.60002	0.27167
-25.55002	0.27237
-25.50002	0.27304
-25.45002	0.27370
-25.40002	0.27454
-25.35002	0.27530
-25.30002	0.27603
-25.25002	0.27691
-25.20002	0.27766
-25.15003	0.27839
-25.10003	0.27927
-25.05003	0.27984
-25.00003	0.28081
-24.95003	0.28156
-24.90003	0.28220
-24.85003	0.28307
-24.80003	0.28384
-24.75003	0.28449
-24.70003	0.28507
-24.65003	0.28580
-24.60003	0.28667
-24.55003	0.28737
-24.50003	0.28810
-24.45003	0.28877
-24.40003	0.28961
-24.35003	0.29027
-24.30003	0.29111
-24.25003	0.29193
-24.20003	0.29254
-24.15003	0.29323
-24.10003	0.29400
-24.05003	0.29497
-24.00004	0.29566
-23.95004	0.29640
-23.90004	0.29727
-23.85004	0.29794
-23.80004	0.29873
-23.75004	0.29940
-23.70004	0.30021
-23.65004	0.30089
-23.60004	0.30171
-23.55004	0.30257
-23.50004	0.30334
-23.45004	0.30410
-23.40004	0.30491
-23.35004	0.30583
-23.30004	0.30673
-23.25004	0.30774
-23.20004	0.30870
-23.15004	0.30959
-23.10004	0.31044
-23.05004	0.31137
-23.00004	0.31229
-22.95004	0.31309
-22.90004	0.31380
-22.85005	0.31469
-22.80005	0.31567
-22.75005	0.31646
-22.70005	0.31717
-22.65005	0.31796
-22.60005	0.31866
-22.55005	0.31956
-22.50005	0.32037
-22.45005	0.32106
-22.40005	0.32199
-22.35005	0.32289
-22.30005	0.32379
-22.25005	0.32464
-22.20005	0.32563
-22.15005	0.32644
-22.10005	0.32724
-22.05005	0.32811
-22.00005	0.32910
-21.95005	0.32981
-21.90005	0.33067
-21.85005	0.33150
-21.80005	0.33247
-21.75006	0.33340
-21.70006	0.33417
-21.65006	0.33501
-21.60006	0.33594
-21.55006	0.33701
-21.50006	0.33801
-21.45006	0.33881
-21.40006	0.33964
-21.35006	0.34046
-21.30006	0.34140
-21.25006	0.34251
-21.20006	0.34357
-21.15006	0.34470
-21.10006	0.34580
-21.05006	0.34693
-21.00006	0.34796
-20.95006	0.34907
-20.90006	0.35021
-20.85006	0.35131
-20.80006	0.35211
-20.75006	0.35320
-20.70006	0.35414
-20.65006	0.35500
-20.60007	0.35603
-20.55007	0.35681
-20.50007	0.35807
-20.45007	0.35910
-20.40007	0.36017
-20.35007	0.36127
-20.30007	0.36249
-20.25007	0.36343
-20.20007	0.36443
-20.15007	0.36571
-20.10007	0.36674
-20.05007	0.36800
-20.00007	0.36916
-19.95007	0.37046
-19.90007	0.37163
-19.85007	0.37281
-19.80007	0.37403
-19.75007	0.37491
-19.70007	0.37600
-19.65007	0.37696
-19.60007	0.37800
-19.55007	0.37934
-19.50007	0.38053
-19.45008	0.38193
-19.40008	0.38319
-19.35008	0.38441
-19.30008	0.38590
-19.25008	0.38710
-19.20008	0.38827
-19.15008	0.38941
-19.10008	0.39091
-19.05008	0.39210
-19.00008	0.39313
-18.95008	0.39410
-18.90008	0.39526
-18.85008	0.39643
-18.80008	0.39763
-18.75008	0.39910
-18.70008	0.40036
-18.65008	0.40171
-18.60008	0.40306
-18.55008	0.40454
-18.50008	0.40579
-18.45008	0.40701
-18.40008	0.40846
-18.35009	0.40984
-18.30009	0.41124
-18.25009	0.41273
-18.20009	0.41397
-18.15009	0.41530
-18.10009	0.41691
-18.05009	0.41817
-18.00009	0.41961
-17.95009	0.42123
-17.90009	0.42267
-17.85009	0.42416
-17.80009	0.42554
-17.75009	0.42706
-17.70009	0.42833
-17.65009	0.42960
-17.60009	0.43129
-17.55009	0.43246
-17.50009	0.43386
-17.45009	0.43533
-17.40009	0.43654
-17.35009	0.43776
-17.30009	0.43901
-17.25009	0.44034
-17.20010	0.44166
-17.15010	0.44294
-17.10010	0.44457
-17.05010	0.44591
-17.00010	0.44707
-16.95010	0.44834
-16.90010	0.44940
-16.85010	0.45067
-16.80010	0.45183
-16.75010	0.45307
-16.70010	0.45436
-16.65010	0.45563
-16.60010	0.45693
-16.55010	0.45806
-16.50010	0.45961
-16.45010	0.46076
-16.40010	0.46209
-16.35010	0.46353
-16.30010	0.46503
-16.25010	0.46641
-16.20010	0.46794
-16.15010	0.46921
-16.10010	0.47039
-16.05011	0.47189
-16.00011	0.47336
-15.95011	0.47466
-15.90011	0.47604
-15.85011	0.47743
-15.80011	0.47881
-15.75011	0.48034
-15.70011	0.48180
-15.65011	0.48317
-15.60011	0.48467
-15.55011	0.48600
-15.50011	0.48727
-15.45011	0.48880
-15.40011	0.49021
-15.35011	0.49184
-15.30011	0.49321
-15.25011	0.49470
-15.20011	0.49587
-15.15011	0.49694
-15.10011	0.49826
-15.05011	0.49993
-15.00011	0.50150
-14.95012	0.50286
-14.90012	0.50423
-14.85012	0.50560
-14.80012	0.50699
-14.75012	0.50847
-14.70012	0.51016
-14.65012	0.51177
-14.60012	0.51329
-14.55012	0.51487
-14.50012	0.51624
-14.45012	0.51797
-14.40012	0.51961
-14.35012	0.52127
-14.30012	0.52296
-14.25012	0.52466
-14.20012	0.52644
-14.15012	0.52816
-14.10012	0.52984
-14.05012	0.53137
-14.00012	0.53323
-13.95012	0.53479
-13.90012	0.53654
-13.85012	0.53839
-13.80013	0.54029
-13.75013	0.54167
-13.70013	0.54359
-13.65013	0.54537
-13.60013	0.54694
-13.55013	0.54860
-13.50013	0.55044
-13.45013	0.55214
-13.40013	0.55396
-13.35013	0.55600
-13.30013	0.55811
-13.25013	0.55983
-13.20013	0.56171
-13.15013	0.56347
-13.10013	0.56563
-13.05013	0.56746
-13.00013	0.56956
-12.95013	0.57164
-12.90013	0.57351
-12.85013	0.57559
-12.80013	0.57786
-12.75013	0.57981
-12.70013	0.58197
-12.65014	0.58393
-12.60014	0.58601
-12.55014	0.58824
-12.50014	0.59049
-12.45014	0.59277
-12.40014	0.59513
-12.35014	0.59743
-12.30014	0.60003
-12.25014	0.60229
-12.20014	0.60467
-12.15014	0.60724
-12.10014	0.60956
-12.05014	0.61211
-12.00014	0.61491
-11.95014	0.61746
-11.90014	0.62003
-11.85014	0.62264
-11.80014	0.62513
-11.75014	0.62783
-11.70014	0.63041
-11.65014	0.63274
-11.60014	0.63583
-11.55015	0.63873
-11.50015	0.64127
-11.45015	0.64396
-11.40015	0.64674
-11.35015	0.64953
-11.30015	0.65233
-11.25015	0.65483
-11.20015	0.65744
-11.15015	0.66030
-11.10015	0.66319
-11.05015	0.66547
-11.00015	0.66793
-10.95015	0.67047
-10.90015	0.67316
-10.85015	0.67641
-10.80015	0.67909
-10.75015	0.68186
-10.70015	0.68400
-10.65015	0.68661
-10.60015	0.68949
-10.55015	0.69203
-10.50015	0.69484
-10.45015	0.69757
-10.40016	0.70040
-10.35016	0.70287
-10.30016	0.70534
-10.25016	0.70811
-10.20016	0.71073
-10.15016	0.71350
-10.10016	0.71624
-10.05016	0.71887
-10.00016	0.72161
-9.95016	0.72407
-9.90016	0.72670
-9.85016	0.72906
-9.80016	0.73180
-9.75016	0.73406
-9.70016	0.73679
-9.65016	0.73929
-9.60016	0.74199
-9.55016	0.74423
-9.50016	0.74646
-9.45016	0.74887
-9.40016	0.75133
-9.35016	0.75404
-9.30016	0.75661
-9.25017	0.75903
-9.20017	0.76133
-9.15017	0.76371
-9.10017	0.76623
-9.05017	0.76874
-9.00017	0.77116
-8.95017	0.77316
-8.90017	0.77549
-8.85017	0.77756
-8.80017	0.78007
-8.75017	0.78201
-8.70017	0.78449
-8.65017	0.78653
-8.60017	0.78886
-8.55017	0.79123
-8.50017	0.79334
-8.45017	0.79587
-8.40017	0.79780
-8.35017	0.80007
-8.30017	0.80249
-8.25017	0.80473
-8.20017	0.80716
-8.15018	0.80937
-8.10018	0.81149
-8.05018	0.81317
-8.00018	0.81514
-7.95018	0.81741
-7.90018	0.81960
-7.85018	0.82151
-7.80018	0.82374
-7.75018	0.82560
-7.70018	0.82706
-7.65018	0.82899
-7.60018	0.83129
-7.55018	0.83340
-7.50018	0.83549
-7.45018	0.83721
-7.40018	0.83949
-7.35018	0.84139
-7.30018	0.84353
-7.25018	0.84554
-7.20018	0.84756
-7.15018	0.84961
-7.10018	0.85160
-7.05018	0.85347
-7.00019	0.85536
-6.95019	0.85766
-6.90019	0.85974
-6.85019	0.86154
-6.80019	0.86369
-6.75019	0.86566
-6.70019	0.86761
-6.65019	0.86934
-6.60019	0.87159
-6.55019	0.87363
-6.50019	0.87539
-6.45019	0.87724
-6.40019	0.87936
-6.35019	0.88154
-6.30019	0.88353
-6.25019	0.88539
-6.20019	0.88733
-6.15019	0.88943
-6.10019	0.89150
-6.05019	0.89343
-6.00019	0.89504
-5.95019	0.89697
-5.90019	0.89900
-5.85020	0.90054
-5.80020	0.90257
-5.75020	0.90443
-5.70020	0.90613
-5.65020	0.90799
-5.60020	0.90979
-5.55020	0.91189
-5.50020	0.91349
-5.45020	0.91544
-5.40020	0.91723
-5.35020	0.91911
-5.30020	0.92107
-5.25020	0.92277
-5.20020	0.92459
-5.15020	0.92640
-5.10020	0.92836
-5.05020	0.92999
-5.00020	0.93134
-4.95020	0.93283
-4.90020	0.93450
-4.85020	0.93639
-4.80020	0.93840
-4.75021	0.94033
-4.70021	0.94210
-4.65021	0.94399
-4.60021	0.94576
-4.55021	0.94757
-4.50021	0.94954
-4.45021	0.95106
-4.40021	0.95271
-4.35021	0.95441
-4.30021	0.95619
-4.25021	0.95787
-4.20021	0.95961
-4.15021	0.96140
-4.10021	0.96341
-4.05021	0.96529
-4.00021	0.96696
-3.95021	0.96873
-3.90021	0.97046
-3.85021	0.97227
-3.80021	0.97399
-3.75021	0.97574
-3.70021	0.97736
-3.65021	0.97910
-3.60022	0.98069
-3.55022	0.98250
-3.50022	0.98436
-3.45022	0.98610
-3.40022	0.98791
-3.35022	0.98960
-3.30022	0.99134
-3.25022	0.99310
-3.20022	0.99459
-3.15022	0.99627
-3.10022	0.99819
-3.05022	1.00000
