# Results collected after 10000 snapshots.
-130.31185	0.00000
-130.30985	0.00000
-130.30785	0.00000
-130.30585	0.00000
-130.30385	0.00000
-130.30185	0.00000
-130.29985	0.00000
-130.29785	0.00000
-130.29585	0.00000
-130.29385	0.00000
-130.29185	0.00000
-130.28985	0.00000
-130.28785	0.00000
-130.28585	0.00000
-130.28385	0.00000
-130.28185	0.00000
-130.27985	0.00000
-130.27785	0.00000
-130.27585	0.00000
-130.27385	0.00000
-130.27185	0.00000
-130.26985	0.00000
-130.26785	0.00000
-130.26585	0.00000
-130.26385	0.00000
-130.26185	0.00000
-130.25985	0.00000
-130.25785	0.00000
-130.25585	0.00000
-130.25385	0.00000
-130.25185	0.00000
-130.24985	0.00000
-130.24785	0.00000
-130.24585	0.00000
-130.24385	0.00000
-130.24185	0.00000
-130.23985	0.00000
-130.23785	0.00000
-130.23585	0.00000
-130.23385	0.00000
-130.23185	0.00000
-130.22985	0.00000
-130.22785	0.00000
-130.22585	0.00000
-130.22385	0.00000
-130.22185	0.00000
-130.21985	0.00000
-130.21785	0.00000
-130.21585	0.00000
-130.21385	0.00000
-130.21185	0.00000
-130.20985	0.00000
-130.20785	0.00000
-130.20585	0.00000
-130.20385	0.00000
-130.20185	0.00000
-130.19985	0.00000
-130.19785	0.00000
-130.19585	0.00000
-130.19385	0.00000
-130.19185	0.00000
-130.18985	0.00000
-130.18785	0.00000
-130.18585	0.00000
-130.18385	0.00000
-130.18185	0.00000
-130.17985	0.00000
-130.17785	0.00000
-130.17585	0.00000
-130.17385	0.00000
-130.17185	0.00000
-130.16985	0.00000
-130.16785	0.00000
-130.16585	0.00000
-130.16385	0.00000
-130.16185	0.00000
-130.15985	0.00000
-130.15785	0.00000
-130.15585	0.00000
-130.15385	0.00000
-130.15185	0.00000
-130.14985	0.00000
-130.14785	0.00000
-130.14585	0.00000
-130.14385	0.00000
-130.14185	0.00000
-130.13985	0.00000
-130.13785	0.00000
-130.13585	0.00000
-130.13385	0.00000
-130.13185	0.00000
-130.12985	0.00000
-130.12785	0.00000
-130.12585	0.00000
-130.12385	0.00000
-130.12185	0.00000
-130.11985	0.00000
-130.11785	0.00000
-130.11585	0.00000
-130.11385	0.00000
-130.11185	0.00000
-130.10985	0.00000
-130.10785	0.00000
-130.10585	0.00000
-130.10385	0.00000
-130.10185	0.00000
-130.09985	0.00000
-130.09785	0.00000
-130.09585	0.00000
-130.09385	0.00000
-130.09185	0.00000
-130.08985	0.00000
-130.08785	0.00000
-130.08585	0.00000
-130.08385	0.00000
-130.08185	0.00000
-130.07985	0.00000
-130.07785	0.00000
-130.07585	0.00000
-130.07385	0.00000
-130.07185	0.00000
-130.06985	0.00000
-130.06785	0.00000
-130.06585	0.00000
-130.06385	0.00000
-130.06185	0.00000
-130.05985	0.00000
-130.05785	0.00000
-130.05585	0.00000
-130.05385	0.00000
-130.05185	0.00000
-130.04985	0.00000
-130.04785	0.00000
-130.04585	0.00000
-130.04385	0.00000
-130.04185	0.00000
-130.03985	0.00000
-130.03785	0.00000
-130.03585	0.00000
-130.03385	0.00000
-130.03185	0.00000
-130.02985	0.00000
-130.02785	0.00000
-130.02585	0.00000
-130.02385	0.00000
-130.02185	0.00000
-130.01985	0.00000
-130.01785	0.00000
-130.01585	0.00000
-130.01385	0.00000
-130.01185	0.00000
-130.00985	0.00000
-130.00785	0.00000
-130.00585	0.00000
-130.00385	0.00000
-130.00185	0.00000
-129.99985	0.00000
-129.99785	0.00000
-129.99585	0.00000
-129.99385	0.00000
-129.99185	0.00000
-129.98985	0.00000
-129.98785	0.00000
-129.98585	0.00000
-129.98385	0.00000
-129.98185	0.00000
-129.97985	0.00000
-129.97785	0.00000
-129.97585	0.00000
-129.97385	0.00000
-129.97185	0.00000
-129.96985	0.00000
-129.96785	0.00000
-129.96585	0.00000
-129.96385	0.00000
-129.96185	0.00000
-129.95985	0.00000
-129.95785	0.00000
-129.95585	0.00000
-129.95385	0.00000
-129.95185	0.00000
-129.94985	0.00000
-129.94785	0.00000
-129.94585	0.00000
-129.94385	0.00000
-129.94185	0.00000
-129.93985	0.00000
-129.93785	0.00000
-129.93585	0.00000
-129.93385	0.00000
-129.93185	0.00000
-129.92985	0.00000
-129.92785	0.00000
-129.92585	0.00000
-129.92385	0.00000
-129.92185	0.00000
-129.91985	0.00000
-129.91785	0.00000
-129.91585	0.00000
-129.91385	0.00000
-129.91185	0.00000
-129.90985	0.00000
-129.90785	0.00000
-129.90585	0.00000
-129.90385	0.00000
-129.90185	0.00000
-129.89985	0.00000
-129.89785	0.00000
-129.89585	0.00000
-129.89385	0.00000
-129.89185	0.00000
-129.88985	0.00000
-129.88785	0.00000
-129.88585	0.00000
-129.88385	0.00000
-129.88185	0.00000
-129.87985	0.00000
-129.87785	0.00000
-129.87585	0.00000
-129.87385	0.00000
-129.87185	0.00000
-129.86985	0.00000
-129.86785	0.00000
-129.86585	0.00000
-129.86385	0.00000
-129.86185	0.00000
-129.85985	0.00000
-129.85785	0.00000
-129.85585	0.00000
-129.85385	0.00000
-129.85185	0.00000
-129.84985	0.00000
-129.84785	0.00000
-129.84585	0.00000
-129.84385	0.00000
-129.84185	0.00000
-129.83985	0.00000
-129.83785	0.00000
-129.83585	0.00000
-129.83385	0.00000
-129.83185	0.00000
-129.82985	0.00000
-129.82785	0.00000
-129.82585	0.00000
-129.82385	0.00000
-129.82185	0.00000
-129.81985	0.00000
-129.81785	0.00000
-129.81585	0.00000
-129.81385	0.00000
-129.81185	1.00000
-129.80985	1.00000
-129.80785	1.00000
-129.80585	1.00000
-129.80385	1.00000
-129.80185	1.00000
-129.79985	1.00000
-129.79785	1.00000
-129.79585	1.00000
-129.79385	1.00000
-129.79185	1.00000
-129.78985	1.00000
-129.78785	1.00000
-129.78585	1.00000
-129.78385	1.00000
-129.78185	1.00000
-129.77985	1.00000
-129.77785	1.00000
-129.77585	1.00000
-129.77385	1.00000
-129.77185	1.00000
-129.76985	1.00000
-129.76785	1.00000
-129.76585	1.00000
-129.76385	1.00000
-129.76185	1.00000
-129.75985	1.00000
-129.75785	1.00000
-129.75585	1.00000
-129.75385	1.00000
-129.75185	1.00000
-129.74985	1.00000
-129.74785	1.00000
-129.74585	1.00000
-129.74385	1.00000
-129.74185	1.00000
-129.73985	1.00000
-129.73785	1.00000
-129.73585	1.00000
-129.73385	1.00000
-129.73185	1.00000
-129.72985	1.00000
-129.72785	1.00000
-129.72585	1.00000
-129.72385	1.00000
-129.72185	1.00000
-129.71985	1.00000
-129.71785	1.00000
-129.71585	1.00000
-129.71385	1.00000
-129.71185	1.00000
-129.70985	1.00000
-129.70785	1.00000
-129.70585	1.00000
-129.70385	1.00000
-129.70185	1.00000
-129.69985	1.00000
-129.69785	1.00000
-129.69585	1.00000
-129.69385	1.00000
-129.69185	1.00000
-129.68985	1.00000
-129.68785	1.00000
-129.68585	1.00000
-129.68385	1.00000
-129.68185	1.00000
-129.67985	1.00000
-129.67785	1.00000
-129.67585	1.00000
-129.67385	1.00000
-129.67185	1.00000
-129.66985	1.00000
-129.66785	1.00000
-129.66585	1.00000
-129.66385	1.00000
-129.66185	1.00000
-129.65985	1.00000
-129.65785	1.00000
-129.65585	1.00000
-129.65385	1.00000
-129.65185	1.00000
-129.64985	1.00000
-129.64785	1.00000
-129.64585	1.00000
-129.64385	1.00000
-129.64185	1.00000
-129.63985	1.00000
-129.63785	1.00000
-129.63585	1.00000
-129.63385	1.00000
-129.63185	1.00000
-129.62985	1.00000
-129.62785	1.00000
-129.62585	1.00000
-129.62385	1.00000
-129.62185	1.00000
-129.61985	1.00000
-129.61785	1.00000
-129.61585	1.00000
-129.61385	1.00000
-129.61185	1.00000
-129.60985	1.00000
-129.60785	1.00000
-129.60585	1.00000
-129.60385	1.00000
-129.60185	1.00000
-129.59985	1.00000
-129.59785	1.00000
-129.59585	1.00000
-129.59385	1.00000
-129.59185	1.00000
-129.58985	1.00000
-129.58785	1.00000
-129.58585	1.00000
-129.58385	1.00000
-129.58185	1.00000
-129.57985	1.00000
-129.57785	1.00000
-129.57585	1.00000
-129.57385	1.00000
-129.57185	1.00000
-129.56985	1.00000
-129.56785	1.00000
-129.56585	1.00000
-129.56385	1.00000
-129.56185	1.00000
-129.55985	1.00000
-129.55785	1.00000
-129.55585	1.00000
-129.55385	1.00000
-129.55185	1.00000
-129.54985	1.00000
-129.54785	1.00000
-129.54585	1.00000
-129.54385	1.00000
-129.54185	1.00000
-129.53985	1.00000
-129.53785	1.00000
-129.53585	1.00000
-129.53385	1.00000
-129.53185	1.00000
-129.52985	1.00000
-129.52785	1.00000
-129.52585	1.00000
-129.52385	1.00000
-129.52185	1.00000
-129.51985	1.00000
-129.51785	1.00000
-129.51585	1.00000
-129.51385	1.00000
-129.51185	1.00000
-129.50985	1.00000
-129.50785	1.00000
-129.50585	1.00000
-129.50385	1.00000
-129.50185	1.00000
-129.49985	1.00000
-129.49785	1.00000
-129.49585	1.00000
-129.49385	1.00000
-129.49185	1.00000
-129.48985	1.00000
-129.48785	1.00000
-129.48585	1.00000
-129.48385	1.00000
-129.48185	1.00000
-129.47985	1.00000
-129.47785	1.00000
-129.47585	1.00000
-129.47385	1.00000
-129.47185	1.00000
-129.46985	1.00000
-129.46785	1.00000
-129.46585	1.00000
-129.46385	1.00000
-129.46185	1.00000
-129.45985	1.00000
-129.45785	1.00000
-129.45585	1.00000
-129.45385	1.00000
-129.45185	1.00000
-129.44985	1.00000
-129.44785	1.00000
-129.44585	1.00000
-129.44385	1.00000
-129.44185	1.00000
-129.43985	1.00000
-129.43785	1.00000
-129.43585	1.00000
-129.43385	1.00000
-129.43185	1.00000
-129.42985	1.00000
-129.42785	1.00000
-129.42585	1.00000
-129.42385	1.00000
-129.42185	1.00000
-129.41985	1.00000
-129.41785	1.00000
-129.41585	1.00000
-129.41385	1.00000
-129.41185	1.00000
-129.40985	1.00000
-129.40785	1.00000
-129.40585	1.00000
-129.40385	1.00000
-129.40185	1.00000
-129.39985	1.00000
-129.39785	1.00000
-129.39585	1.00000
-129.39385	1.00000
-129.39185	1.00000
-129.38985	1.00000
-129.38785	1.00000
-129.38585	1.00000
-129.38385	1.00000
-129.38185	1.00000
-129.37985	1.00000
-129.37785	1.00000
-129.37585	1.00000
-129.37385	1.00000
-129.37185	1.00000
-129.36985	1.00000
-129.36785	1.00000
-129.36585	1.00000
-129.36385	1.00000
-129.36185	1.00000
-129.35985	1.00000
-129.35785	1.00000
-129.35585	1.00000
-129.35385	1.00000
-129.35185	1.00000
-129.34985	1.00000
-129.34785	1.00000
-129.34585	1.00000
-129.34385	1.00000
-129.34185	1.00000
-129.33985	1.00000
-129.33785	1.00000
-129.33585	1.00000
-129.33385	1.00000
-129.33185	1.00000
-129.32985	1.00000
-129.32785	1.00000
-129.32585	1.00000
-129.32385	1.00000
-129.32185	1.00000
-129.31985	1.00000
-129.31785	1.00000
-129.31585	1.00000
-129.31385	1.00000
