# Results collected after 10000 snapshots.
-23.66622	0.00000
-23.66422	0.00000
-23.66222	0.00000
-23.66022	0.00000
-23.65822	0.00000
-23.65622	0.00000
-23.65422	0.00000
-23.65222	0.00000
-23.65022	0.00000
-23.64822	0.00000
-23.64622	0.00000
-23.64422	0.00000
-23.64222	0.00000
-23.64022	0.00000
-23.63822	0.00000
-23.63622	0.00000
-23.63422	0.00000
-23.63222	0.00000
-23.63022	0.00000
-23.62822	0.00000
-23.62622	0.00000
-23.62422	0.00000
-23.62222	0.00000
-23.62022	0.00000
-23.61822	0.00000
-23.61622	0.00000
-23.61422	0.00000
-23.61222	0.00000
-23.61022	0.00000
-23.60822	0.00000
-23.60622	0.00000
-23.60422	0.00000
-23.60222	0.00000
-23.60022	0.00000
-23.59822	0.00000
-23.59622	0.00000
-23.59422	0.00000
-23.59222	0.00000
-23.59022	0.00000
-23.58822	0.00000
-23.58622	0.00000
-23.58422	0.00000
-23.58222	0.00000
-23.58022	0.00000
-23.57822	0.00000
-23.57622	0.00000
-23.57422	0.00000
-23.57222	0.00000
-23.57022	0.00000
-23.56822	0.00000
-23.56622	0.00000
-23.56422	0.00000
-23.56222	0.00000
-23.56022	0.00000
-23.55822	0.00000
-23.55622	0.00000
-23.55422	0.00000
-23.55222	0.00000
-23.55022	0.00000
-23.54822	0.00000
-23.54622	0.00000
-23.54422	0.00000
-23.54222	0.00000
-23.54022	0.00000
-23.53822	0.00000
-23.53622	0.00000
-23.53422	0.00000
-23.53222	0.00000
-23.53022	0.00000
-23.52822	0.00000
-23.52622	0.00000
-23.52422	0.00000
-23.52222	0.00000
-23.52022	0.00000
-23.51822	0.00000
-23.51622	0.00000
-23.51422	0.00000
-23.51222	0.00000
-23.51022	0.00000
-23.50822	0.00000
-23.50622	0.00000
-23.50422	0.00000
-23.50222	0.00000
-23.50022	0.00000
-23.49822	0.00000
-23.49622	0.00000
-23.49422	0.00000
-23.49222	0.00000
-23.49022	0.00000
-23.48822	0.00000
-23.48622	0.00000
-23.48422	0.00000
-23.48222	0.00000
-23.48022	0.00000
-23.47822	0.00000
-23.47622	0.00000
-23.47422	0.00000
-23.47222	0.00000
-23.47022	0.00000
-23.46822	0.00000
-23.46622	0.00000
-23.46422	0.00000
-23.46222	0.00000
-23.46022	0.00000
-23.45822	0.00000
-23.45622	0.00000
-23.45422	0.00000
-23.45222	0.00000
-23.45022	0.00000
-23.44822	0.00000
-23.44622	0.00000
-23.44422	0.00000
-23.44222	0.00000
-23.44022	0.00000
-23.43822	0.00000
-23.43622	0.00000
-23.43422	0.00000
-23.43222	0.00000
-23.43022	0.00000
-23.42822	0.00000
-23.42622	0.00000
-23.42422	0.00000
-23.42222	0.00000
-23.42022	0.00000
-23.41822	0.00000
-23.41622	0.00000
-23.41422	0.00000
-23.41222	0.00000
-23.41022	0.00000
-23.40822	0.00000
-23.40622	0.00000
-23.40422	0.00000
-23.40222	0.00000
-23.40022	0.00000
-23.39822	0.00000
-23.39622	0.00000
-23.39422	0.00000
-23.39222	0.00000
-23.39022	0.00000
-23.38822	0.00000
-23.38622	0.00000
-23.38422	0.00000
-23.38222	0.00000
-23.38022	0.00000
-23.37822	0.00000
-23.37622	0.00000
-23.37422	0.00000
-23.37222	0.00000
-23.37022	0.00000
-23.36822	0.00000
-23.36622	0.00000
-23.36422	0.00000
-23.36222	0.00000
-23.36022	0.00000
-23.35822	0.00000
-23.35622	0.00000
-23.35422	0.00000
-23.35222	0.00000
-23.35022	0.00000
-23.34822	0.00000
-23.34622	0.00000
-23.34422	0.00000
-23.34222	0.00000
-23.34022	0.00000
-23.33822	0.00000
-23.33622	0.00000
-23.33422	0.00000
-23.33222	0.00000
-23.33022	0.00000
-23.32822	0.00000
-23.32622	0.00000
-23.32422	0.00000
-23.32222	0.00000
-23.32022	0.00000
-23.31822	0.00000
-23.31622	0.00000
-23.31422	0.00000
-23.31222	0.00000
-23.31022	0.00000
-23.30822	0.00000
-23.30622	0.00000
-23.30422	0.00000
-23.30222	0.00000
-23.30022	0.00000
-23.29822	0.00000
-23.29622	0.00000
-23.29422	0.00000
-23.29222	0.00000
-23.29022	0.00000
-23.28822	0.00000
-23.28622	0.00000
-23.28422	0.00000
-23.28222	0.00000
-23.28022	0.00000
-23.27822	0.00000
-23.27622	0.00000
-23.27422	0.00000
-23.27222	0.00000
-23.27022	0.00000
-23.26822	0.00000
-23.26622	0.00000
-23.26422	0.00000
-23.26222	0.00000
-23.26022	0.00000
-23.25822	0.00000
-23.25622	0.00000
-23.25422	0.00000
-23.25222	0.00000
-23.25022	0.00000
-23.24822	0.00000
-23.24622	0.00000
-23.24422	0.00000
-23.24222	0.00000
-23.24022	0.00000
-23.23822	0.00000
-23.23622	0.00000
-23.23422	0.00000
-23.23222	0.00000
-23.23022	0.00000
-23.22822	0.00000
-23.22622	0.00000
-23.22422	0.00000
-23.22222	0.00000
-23.22022	0.00000
-23.21822	0.00000
-23.21622	0.00000
-23.21422	0.00000
-23.21222	0.00000
-23.21022	0.00000
-23.20822	0.00000
-23.20622	0.00000
-23.20422	0.00000
-23.20222	0.00000
-23.20022	0.00000
-23.19822	0.00000
-23.19622	0.00000
-23.19422	0.00000
-23.19222	0.00000
-23.19022	0.00000
-23.18822	0.00000
-23.18622	0.00000
-23.18422	0.00000
-23.18222	0.00000
-23.18022	0.00000
-23.17822	0.00000
-23.17622	0.00000
-23.17422	0.00000
-23.17222	0.00000
-23.17022	0.00000
-23.16822	0.00000
-23.16622	1.00000
-23.16422	1.00000
-23.16222	1.00000
-23.16022	1.00000
-23.15822	1.00000
-23.15622	1.00000
-23.15422	1.00000
-23.15222	1.00000
-23.15022	1.00000
-23.14822	1.00000
-23.14622	1.00000
-23.14422	1.00000
-23.14222	1.00000
-23.14022	1.00000
-23.13822	1.00000
-23.13622	1.00000
-23.13422	1.00000
-23.13222	1.00000
-23.13022	1.00000
-23.12822	1.00000
-23.12622	1.00000
-23.12422	1.00000
-23.12222	1.00000
-23.12022	1.00000
-23.11822	1.00000
-23.11622	1.00000
-23.11422	1.00000
-23.11222	1.00000
-23.11022	1.00000
-23.10822	1.00000
-23.10622	1.00000
-23.10422	1.00000
-23.10222	1.00000
-23.10022	1.00000
-23.09822	1.00000
-23.09622	1.00000
-23.09422	1.00000
-23.09222	1.00000
-23.09022	1.00000
-23.08822	1.00000
-23.08622	1.00000
-23.08422	1.00000
-23.08222	1.00000
-23.08022	1.00000
-23.07822	1.00000
-23.07622	1.00000
-23.07422	1.00000
-23.07222	1.00000
-23.07022	1.00000
-23.06822	1.00000
-23.06622	1.00000
-23.06422	1.00000
-23.06222	1.00000
-23.06022	1.00000
-23.05822	1.00000
-23.05622	1.00000
-23.05422	1.00000
-23.05222	1.00000
-23.05022	1.00000
-23.04822	1.00000
-23.04622	1.00000
-23.04422	1.00000
-23.04222	1.00000
-23.04022	1.00000
-23.03822	1.00000
-23.03622	1.00000
-23.03422	1.00000
-23.03222	1.00000
-23.03022	1.00000
-23.02822	1.00000
-23.02622	1.00000
-23.02422	1.00000
-23.02222	1.00000
-23.02022	1.00000
-23.01822	1.00000
-23.01622	1.00000
-23.01422	1.00000
-23.01222	1.00000
-23.01022	1.00000
-23.00822	1.00000
-23.00622	1.00000
-23.00422	1.00000
-23.00222	1.00000
-23.00022	1.00000
-22.99822	1.00000
-22.99622	1.00000
-22.99422	1.00000
-22.99222	1.00000
-22.99022	1.00000
-22.98822	1.00000
-22.98622	1.00000
-22.98422	1.00000
-22.98222	1.00000
-22.98022	1.00000
-22.97822	1.00000
-22.97622	1.00000
-22.97422	1.00000
-22.97222	1.00000
-22.97022	1.00000
-22.96822	1.00000
-22.96622	1.00000
-22.96422	1.00000
-22.96222	1.00000
-22.96022	1.00000
-22.95822	1.00000
-22.95622	1.00000
-22.95422	1.00000
-22.95222	1.00000
-22.95022	1.00000
-22.94822	1.00000
-22.94622	1.00000
-22.94422	1.00000
-22.94222	1.00000
-22.94022	1.00000
-22.93822	1.00000
-22.93622	1.00000
-22.93422	1.00000
-22.93222	1.00000
-22.93022	1.00000
-22.92822	1.00000
-22.92622	1.00000
-22.92422	1.00000
-22.92222	1.00000
-22.92022	1.00000
-22.91822	1.00000
-22.91622	1.00000
-22.91422	1.00000
-22.91222	1.00000
-22.91022	1.00000
-22.90822	1.00000
-22.90622	1.00000
-22.90422	1.00000
-22.90222	1.00000
-22.90022	1.00000
-22.89822	1.00000
-22.89622	1.00000
-22.89422	1.00000
-22.89222	1.00000
-22.89022	1.00000
-22.88822	1.00000
-22.88622	1.00000
-22.88422	1.00000
-22.88222	1.00000
-22.88022	1.00000
-22.87822	1.00000
-22.87622	1.00000
-22.87422	1.00000
-22.87222	1.00000
-22.87022	1.00000
-22.86822	1.00000
-22.86622	1.00000
-22.86422	1.00000
-22.86222	1.00000
-22.86022	1.00000
-22.85822	1.00000
-22.85622	1.00000
-22.85422	1.00000
-22.85222	1.00000
-22.85022	1.00000
-22.84822	1.00000
-22.84622	1.00000
-22.84422	1.00000
-22.84222	1.00000
-22.84022	1.00000
-22.83822	1.00000
-22.83622	1.00000
-22.83422	1.00000
-22.83222	1.00000
-22.83022	1.00000
-22.82822	1.00000
-22.82622	1.00000
-22.82422	1.00000
-22.82222	1.00000
-22.82022	1.00000
-22.81822	1.00000
-22.81622	1.00000
-22.81422	1.00000
-22.81222	1.00000
-22.81022	1.00000
-22.80822	1.00000
-22.80622	1.00000
-22.80422	1.00000
-22.80222	1.00000
-22.80022	1.00000
-22.79822	1.00000
-22.79622	1.00000
-22.79422	1.00000
-22.79222	1.00000
-22.79022	1.00000
-22.78822	1.00000
-22.78622	1.00000
-22.78422	1.00000
-22.78222	1.00000
-22.78022	1.00000
-22.77822	1.00000
-22.77622	1.00000
-22.77422	1.00000
-22.77222	1.00000
-22.77022	1.00000
-22.76822	1.00000
-22.76622	1.00000
-22.76422	1.00000
-22.76222	1.00000
-22.76022	1.00000
-22.75822	1.00000
-22.75622	1.00000
-22.75422	1.00000
-22.75222	1.00000
-22.75022	1.00000
-22.74822	1.00000
-22.74622	1.00000
-22.74422	1.00000
-22.74222	1.00000
-22.74022	1.00000
-22.73822	1.00000
-22.73622	1.00000
-22.73422	1.00000
-22.73222	1.00000
-22.73022	1.00000
-22.72822	1.00000
-22.72622	1.00000
-22.72422	1.00000
-22.72222	1.00000
-22.72022	1.00000
-22.71822	1.00000
-22.71622	1.00000
-22.71422	1.00000
-22.71222	1.00000
-22.71022	1.00000
-22.70822	1.00000
-22.70622	1.00000
-22.70422	1.00000
-22.70222	1.00000
-22.70022	1.00000
-22.69822	1.00000
-22.69622	1.00000
-22.69422	1.00000
-22.69222	1.00000
-22.69022	1.00000
-22.68822	1.00000
-22.68622	1.00000
-22.68422	1.00000
-22.68222	1.00000
-22.68022	1.00000
-22.67822	1.00000
-22.67622	1.00000
-22.67422	1.00000
-22.67222	1.00000
-22.67022	1.00000
-22.66822	1.00000
