# Results collected after 10000 snapshots.
92.21089	0.00001
92.30603	0.00001
92.40116	0.00001
92.49630	0.00001
92.59143	0.00001
92.68657	0.00001
92.78171	0.00001
92.87684	0.00001
92.97198	0.00001
93.06712	0.00001
93.16225	0.00001
93.25739	0.00001
93.35253	0.00001
93.44766	0.00001
93.54280	0.00001
93.63793	0.00001
93.73307	0.00001
93.82821	0.00001
93.92334	0.00001
94.01848	0.00001
94.11362	0.00001
94.20875	0.00001
94.30389	0.00001
94.39903	0.00001
94.49416	0.00001
94.58930	0.00001
94.68444	0.00001
94.77957	0.00001
94.87471	0.00001
94.96984	0.00001
95.06498	0.00001
95.16012	0.00001
95.25525	0.00001
95.35039	0.00001
95.44553	0.00001
95.54066	0.00001
95.63580	0.00001
95.73094	0.00001
95.82607	0.00001
95.92121	0.00001
96.01634	0.00001
96.11148	0.00001
96.20662	0.00001
96.30175	0.00001
96.39689	0.00001
96.49203	0.00001
96.58716	0.00001
96.68230	0.00001
96.77744	0.00001
96.87257	0.00001
96.96771	0.00001
97.06285	0.00001
97.15798	0.00003
97.25312	0.00003
97.34825	0.00003
97.44339	0.00003
97.53853	0.00003
97.63366	0.00003
97.72880	0.00003
97.82394	0.00003
97.91907	0.00003
98.01421	0.00003
98.10935	0.00003
98.20448	0.00003
98.29962	0.00003
98.39475	0.00003
98.48989	0.00003
98.58503	0.00003
98.68016	0.00003
98.77530	0.00003
98.87044	0.00003
98.96557	0.00004
99.06071	0.00006
99.15585	0.00006
99.25098	0.00006
99.34612	0.00006
99.44125	0.00006
99.53639	0.00006
99.63153	0.00006
99.72666	0.00006
99.82180	0.00007
99.91694	0.00007
100.01207	0.00007
100.10721	0.00009
100.20235	0.00009
100.29748	0.00009
100.39262	0.00009
100.48776	0.00009
100.58289	0.00011
100.67803	0.00011
100.77316	0.00011
100.86830	0.00011
100.96344	0.00011
101.05857	0.00011
101.15371	0.00011
101.24885	0.00013
101.34398	0.00013
101.43912	0.00013
101.53426	0.00014
101.62939	0.00014
101.72453	0.00014
101.81966	0.00016
101.91480	0.00016
102.00994	0.00016
102.10507	0.00016
102.20021	0.00016
102.29535	0.00016
102.39048	0.00016
102.48562	0.00016
102.58076	0.00016
102.67589	0.00016
102.77103	0.00016
102.86617	0.00016
102.96130	0.00016
103.05644	0.00017
103.15157	0.00019
103.24671	0.00019
103.34185	0.00019
103.43698	0.00020
103.53212	0.00021
103.62726	0.00023
103.72239	0.00024
103.81753	0.00024
103.91267	0.00026
104.00780	0.00027
104.10294	0.00029
104.19807	0.00029
104.29321	0.00029
104.38835	0.00029
104.48348	0.00030
104.57862	0.00030
104.67376	0.00031
104.76889	0.00033
104.86403	0.00033
104.95917	0.00033
105.05430	0.00034
105.14944	0.00034
105.24458	0.00036
105.33971	0.00037
105.43485	0.00039
105.52998	0.00039
105.62512	0.00039
105.72026	0.00043
105.81539	0.00049
105.91053	0.00049
106.00567	0.00050
106.10080	0.00056
106.19594	0.00059
106.29108	0.00059
106.38621	0.00060
106.48135	0.00060
106.57648	0.00061
106.67162	0.00063
106.76676	0.00064
106.86189	0.00066
106.95703	0.00067
107.05217	0.00070
107.14730	0.00070
107.24244	0.00076
107.33758	0.00077
107.43271	0.00079
107.52785	0.00079
107.62299	0.00080
107.71812	0.00080
107.81326	0.00080
107.90839	0.00083
108.00353	0.00086
108.09867	0.00086
108.19380	0.00091
108.28894	0.00099
108.38408	0.00101
108.47921	0.00107
108.57435	0.00109
108.66949	0.00110
108.76462	0.00110
108.85976	0.00116
108.95489	0.00119
109.05003	0.00120
109.14517	0.00121
109.24030	0.00123
109.33544	0.00126
109.43058	0.00129
109.52571	0.00134
109.62085	0.00136
109.71599	0.00137
109.81112	0.00140
109.90626	0.00140
110.00140	0.00140
110.09653	0.00143
110.19167	0.00144
110.28680	0.00147
110.38194	0.00151
110.47708	0.00157
110.57221	0.00164
110.66735	0.00169
110.76249	0.00170
110.85762	0.00171
110.95276	0.00179
111.04790	0.00183
111.14303	0.00187
111.23817	0.00190
111.33330	0.00194
111.42844	0.00200
111.52358	0.00207
111.61871	0.00211
111.71385	0.00219
111.80899	0.00227
111.90412	0.00237
111.99926	0.00246
112.09440	0.00249
112.18953	0.00251
112.28467	0.00264
112.37981	0.00280
112.47494	0.00283
112.57008	0.00287
112.66521	0.00294
112.76035	0.00299
112.85549	0.00306
112.95062	0.00311
113.04576	0.00314
113.14090	0.00319
113.23603	0.00324
113.33117	0.00336
113.42631	0.00340
113.52144	0.00349
113.61658	0.00359
113.71171	0.00361
113.80685	0.00376
113.90199	0.00387
113.99712	0.00393
114.09226	0.00400
114.18740	0.00409
114.28253	0.00414
114.37767	0.00433
114.47281	0.00443
114.56794	0.00451
114.66308	0.00464
114.75822	0.00473
114.85335	0.00481
114.94849	0.00494
115.04362	0.00503
115.13876	0.00513
115.23390	0.00520
115.32903	0.00537
115.42417	0.00550
115.51931	0.00559
115.61444	0.00566
115.70958	0.00579
115.80472	0.00591
115.89985	0.00604
115.99499	0.00616
116.09012	0.00629
116.18526	0.00649
116.28040	0.00657
116.37553	0.00684
116.47067	0.00700
116.56581	0.00717
116.66094	0.00733
116.75608	0.00750
116.85122	0.00766
116.94635	0.00776
117.04149	0.00803
117.13663	0.00817
117.23176	0.00839
117.32690	0.00861
117.42203	0.00884
117.51717	0.00903
117.61231	0.00914
117.70744	0.00937
117.80258	0.00959
117.89772	0.00980
117.99285	0.01003
118.08799	0.01039
118.18313	0.01056
118.27826	0.01093
118.37340	0.01130
118.46853	0.01147
118.56367	0.01170
118.65881	0.01201
118.75394	0.01227
118.84908	0.01257
118.94422	0.01281
119.03935	0.01309
119.13449	0.01347
119.22963	0.01387
119.32476	0.01421
119.41990	0.01450
119.51504	0.01473
119.61017	0.01504
119.70531	0.01543
119.80044	0.01576
119.89558	0.01609
119.99072	0.01641
120.08585	0.01679
120.18099	0.01711
120.27613	0.01750
120.37126	0.01796
120.46640	0.01834
120.56154	0.01891
120.65667	0.01930
120.75181	0.01967
120.84694	0.02014
120.94208	0.02059
121.03722	0.02113
121.13235	0.02171
121.22749	0.02219
121.32263	0.02260
121.41776	0.02309
121.51290	0.02357
121.60804	0.02424
121.70317	0.02489
121.79831	0.02554
121.89344	0.02616
121.98858	0.02664
122.08372	0.02716
122.17885	0.02780
122.27399	0.02836
122.36913	0.02887
122.46426	0.02954
122.55940	0.03014
122.65454	0.03091
122.74967	0.03171
122.84481	0.03251
122.93995	0.03336
123.03508	0.03420
123.13022	0.03491
123.22535	0.03580
123.32049	0.03670
123.41563	0.03744
123.51076	0.03817
123.60590	0.03921
123.70104	0.04037
123.79617	0.04119
123.89131	0.04196
123.98645	0.04294
124.08158	0.04386
124.17672	0.04486
124.27185	0.04569
124.36699	0.04679
124.46213	0.04794
124.55726	0.04911
124.65240	0.05019
124.74754	0.05121
124.84267	0.05221
124.93781	0.05350
125.03295	0.05486
125.12808	0.05601
125.22322	0.05724
125.31836	0.05839
125.41349	0.05980
125.50863	0.06087
125.60376	0.06229
125.69890	0.06353
125.79404	0.06496
125.88917	0.06641
125.98431	0.06811
126.07945	0.06956
126.17458	0.07126
126.26972	0.07293
126.36486	0.07441
126.45999	0.07609
126.55513	0.07781
126.65026	0.07944
126.74540	0.08096
126.84054	0.08259
126.93567	0.08446
127.03081	0.08661
127.12595	0.08894
127.22108	0.09097
127.31622	0.09327
127.41136	0.09566
127.50649	0.09763
127.60163	0.09984
127.69677	0.10214
127.79190	0.10450
127.88704	0.10679
127.98217	0.10923
128.07731	0.11140
128.17245	0.11393
128.26758	0.11627
128.36272	0.11856
128.45786	0.12137
128.55299	0.12390
128.64813	0.12720
128.74327	0.13011
128.83840	0.13287
128.93354	0.13573
129.02867	0.13866
129.12381	0.14177
129.21895	0.14470
129.31408	0.14773
129.40922	0.15120
129.50436	0.15480
129.59949	0.15821
129.69463	0.16187
129.78977	0.16553
129.88490	0.16927
129.98004	0.17294
130.07518	0.17694
130.17031	0.18084
130.26545	0.18486
130.36058	0.18881
130.45572	0.19279
130.55086	0.19731
130.64599	0.20199
130.74113	0.20637
130.83627	0.21043
130.93140	0.21506
131.02654	0.21977
131.12168	0.22441
131.21681	0.22893
131.31195	0.23369
131.40708	0.23957
131.50222	0.24503
131.59736	0.25084
131.69249	0.25606
131.78763	0.26183
131.88277	0.26747
131.97790	0.27343
132.07304	0.27941
132.16818	0.28567
132.26331	0.29160
132.35845	0.29836
132.45359	0.30477
132.54872	0.31164
132.64386	0.31893
132.73899	0.32564
132.83413	0.33259
132.92927	0.33947
133.02440	0.34709
133.11954	0.35510
133.21468	0.36316
133.30981	0.37114
133.40495	0.37950
133.50009	0.38756
133.59522	0.39571
133.69036	0.40424
133.78549	0.41293
133.88063	0.42193
133.97577	0.43110
134.07090	0.43960
134.16604	0.44773
134.26118	0.45751
134.35631	0.46669
134.45145	0.47613
134.54659	0.48514
134.64172	0.49409
134.73686	0.50341
134.83200	0.51289
134.92713	0.52254
135.02227	0.53191
135.11740	0.54171
135.21254	0.55110
135.30768	0.56050
135.40281	0.56941
135.49795	0.57903
135.59309	0.58856
135.68822	0.59887
135.78336	0.60931
135.87850	0.61927
135.97363	0.62964
136.06877	0.64083
136.16390	0.65096
136.25904	0.66144
136.35418	0.67200
136.44931	0.68277
136.54445	0.69320
136.63959	0.70436
136.73472	0.71526
136.82986	0.72679
136.92500	0.73754
137.02013	0.74967
137.11527	0.76179
137.21041	0.77374
137.30554	0.78593
137.40068	0.79791
137.49581	0.80991
137.59095	0.82181
137.68609	0.83431
137.78122	0.84653
137.87636	0.85886
137.97150	0.87173
138.06663	0.88499
138.16177	0.89764
138.25691	0.91107
138.35204	0.92424
138.44718	0.93789
138.54231	0.94937
138.63745	0.95830
138.73259	0.96627
138.82772	0.97254
138.92286	0.97823
139.01800	0.98370
139.11313	0.98800
139.20827	0.99173
139.30341	0.99450
139.39854	0.99701
139.49368	0.99846
139.58882	0.99961
139.68395	1.00000
