# Results collected after 10000 snapshots.
40.02060	0.85714
40.02660	0.85714
40.03260	0.85714
40.03860	0.85714
40.04460	0.85714
40.05060	0.85714
40.05660	0.85714
40.06260	0.85714
40.06860	0.85714
40.07460	0.85714
40.08060	0.85714
40.08660	0.85714
40.09260	0.85714
40.09860	0.85714
40.10460	0.85714
40.11060	0.85714
40.11660	0.85714
40.12260	0.85714
40.12860	0.85714
40.13460	0.85714
40.14060	0.85714
40.14660	0.85714
40.15260	0.85714
40.15860	0.85714
40.16460	0.85714
40.17060	0.85714
40.17660	0.85714
40.18260	0.85714
40.18860	0.85714
40.19460	0.85714
40.20060	0.85714
40.20660	0.85714
40.21260	0.85714
40.21860	0.85714
40.22460	0.85714
40.23060	0.85714
40.23660	0.85714
40.24260	0.85714
40.24860	0.85714
40.25460	0.85714
40.26060	0.85714
40.26660	0.85714
40.27260	0.85714
40.27860	0.85714
40.28460	0.85714
40.29060	0.85714
40.29660	0.85714
40.30260	0.85714
40.30860	0.85714
40.31460	0.85714
40.32060	0.85714
40.32660	0.85714
40.33260	0.85714
40.33860	0.85714
40.34460	0.85714
40.35060	0.85714
40.35660	0.85714
40.36260	0.85714
40.36860	0.85714
40.37460	0.85714
40.38060	0.85714
40.38660	0.85714
40.39260	0.85714
40.39860	0.85714
40.40460	0.85714
40.41060	0.85714
40.41660	0.85714
40.42260	0.85714
40.42860	0.85714
40.43460	0.85714
40.44060	0.85714
40.44660	0.85714
40.45260	0.85714
40.45860	0.85714
40.46460	0.85714
40.47060	0.85714
40.47660	0.85714
40.48260	0.85714
40.48860	0.85714
40.49460	0.85714
40.50060	0.85714
40.50660	0.85714
40.51260	0.85714
40.51860	0.85714
40.52460	0.85714
40.53060	0.85714
40.53660	0.85714
40.54260	0.85714
40.54860	0.85714
40.55460	0.85714
40.56060	0.85714
40.56660	0.85714
40.57260	0.85714
40.57860	0.85714
40.58460	0.85714
40.59060	0.85714
40.59660	0.85714
40.60260	0.85714
40.60860	0.85714
40.61460	0.85714
40.62060	0.85714
40.62660	0.85714
40.63260	0.85714
40.63860	0.85714
40.64460	0.85714
40.65060	0.85714
40.65660	0.85714
40.66260	0.85714
40.66860	0.85714
40.67460	0.85714
40.68060	0.85714
40.68660	0.85714
40.69260	0.85714
40.69860	0.85714
40.70460	0.85714
40.71060	0.85714
40.71660	0.85714
40.72260	0.85714
40.72860	0.85714
40.73460	0.85714
40.74060	0.85714
40.74660	0.85714
40.75260	0.85714
40.75860	0.85714
40.76460	0.85714
40.77060	0.85714
40.77660	0.85714
40.78260	0.85714
40.78860	0.85714
40.79460	0.85714
40.80060	0.85714
40.80660	0.85714
40.81260	0.85714
40.81860	0.85714
40.82460	0.85714
40.83060	0.85714
40.83660	0.85714
40.84260	0.85714
40.84860	0.85714
40.85460	0.85714
40.86060	0.85714
40.86660	0.85714
40.87260	0.85714
40.87860	0.85714
40.88460	0.85714
40.89060	0.85714
40.89660	0.85714
40.90260	0.85714
40.90860	0.85714
40.91460	0.85714
40.92060	0.85714
40.92660	0.85714
40.93260	0.85714
40.93860	0.85714
40.94460	0.85714
40.95060	0.85714
40.95660	0.85714
40.96260	0.85714
40.96860	0.85714
40.97460	0.85714
40.98060	0.85714
40.98660	0.85714
40.99260	0.85714
40.99860	0.85714
41.00460	0.85714
41.01060	0.85714
41.01660	0.85714
41.02260	0.85714
41.02860	0.85714
41.03460	0.85714
41.04060	0.85714
41.04660	0.85714
41.05260	0.85714
41.05860	0.85714
41.06460	0.85714
41.07060	0.85714
41.07660	0.85714
41.08260	0.85714
41.08860	0.85714
41.09460	0.85714
41.10060	0.85714
41.10660	0.85714
41.11260	0.85714
41.11860	0.85714
41.12460	0.85714
41.13060	0.85714
41.13660	0.85714
41.14260	0.85714
41.14860	0.85714
41.15460	0.85714
41.16060	0.85714
41.16660	0.85714
41.17260	0.85714
41.17860	0.85714
41.18460	0.85714
41.19060	0.85714
41.19660	0.85714
41.20260	0.85714
41.20860	0.85714
41.21460	0.85714
41.22060	0.85714
41.22660	0.85714
41.23260	0.85714
41.23860	0.85714
41.24460	0.85714
41.25060	0.85714
41.25660	0.85714
41.26260	0.85714
41.26860	0.85714
41.27460	0.85714
41.28060	0.85714
41.28660	0.85714
41.29260	0.85714
41.29860	0.85714
41.30460	0.85714
41.31060	0.85714
41.31660	0.85714
41.32260	0.85714
41.32860	0.85714
41.33460	0.85714
41.34060	0.85714
41.34660	0.85714
41.35260	0.85714
41.35860	0.85714
41.36460	0.85714
41.37060	0.85714
41.37660	0.85714
41.38260	0.85714
41.38860	0.85714
41.39460	0.85714
41.40060	0.85714
41.40660	0.85714
41.41260	0.85714
41.41860	0.85714
41.42460	0.85714
41.43060	0.85714
41.43660	0.85714
41.44260	0.85714
41.44860	0.85714
41.45460	0.85714
41.46060	0.85714
41.46660	0.85714
41.47260	0.85714
41.47860	0.85714
41.48460	0.85714
41.49060	0.85714
41.49660	0.85714
41.50260	0.85714
41.50860	0.85714
41.51460	0.85714
41.52060	0.85714
41.52660	0.85714
41.53260	0.85714
41.53860	0.85714
41.54460	0.85714
41.55060	0.85714
41.55660	0.85714
41.56260	0.85714
41.56860	0.85714
41.57460	0.85714
41.58060	0.85714
41.58660	0.85714
41.59260	0.85714
41.59860	0.85714
41.60460	0.85714
41.61060	0.85714
41.61660	0.85714
41.62260	0.85714
41.62860	0.85714
41.63460	0.85714
41.64060	0.85714
41.64660	0.85714
41.65260	0.85714
41.65860	0.85714
41.66460	0.85714
41.67060	0.85714
41.67660	0.85714
41.68260	0.85714
41.68860	0.85714
41.69460	0.85714
41.70060	0.85714
41.70660	0.85714
41.71260	0.85714
41.71860	0.85714
41.72460	0.85714
41.73060	0.85714
41.73660	0.85714
41.74260	0.85714
41.74860	0.85714
41.75460	0.85714
41.76060	0.85714
41.76660	0.85714
41.77260	0.85714
41.77860	0.85714
41.78460	0.85714
41.79060	0.85714
41.79660	0.85714
41.80260	0.85714
41.80860	0.85714
41.81460	0.85714
41.82060	0.85714
41.82660	0.85714
41.83260	0.85714
41.83860	0.85714
41.84460	0.85714
41.85060	0.85714
41.85660	0.85714
41.86260	0.85714
41.86860	0.85714
41.87460	0.85714
41.88060	0.85714
41.88660	0.85714
41.89260	0.85714
41.89860	0.85714
41.90460	0.85714
41.91060	0.85714
41.91660	0.85714
41.92260	0.85714
41.92860	0.85714
41.93460	0.85714
41.94060	0.85714
41.94660	0.85714
41.95260	0.85714
41.95860	0.85714
41.96460	0.85714
41.97060	0.85714
41.97660	0.85714
41.98260	0.85714
41.98860	0.85714
41.99460	0.85714
42.00060	0.85714
42.00660	0.85714
42.01260	0.85714
42.01860	0.85714
42.02460	0.85714
42.03060	0.85714
42.03660	0.85714
42.04260	0.85714
42.04860	0.85714
42.05460	0.85714
42.06060	0.85714
42.06660	0.85714
42.07260	0.85714
42.07860	0.85714
42.08460	0.85714
42.09060	0.85714
42.09660	0.85714
42.10260	0.85714
42.10860	0.85714
42.11460	0.85714
42.12060	0.85714
42.12660	0.85714
42.13260	0.85714
42.13860	0.85714
42.14460	0.85714
42.15060	0.85714
42.15660	0.85714
42.16260	0.85714
42.16860	0.85714
42.17460	0.85714
42.18060	0.85714
42.18660	0.85714
42.19260	0.85714
42.19860	0.85714
42.20460	0.85714
42.21060	0.85714
42.21660	0.85714
42.22260	0.85714
42.22860	0.85714
42.23460	0.85714
42.24060	0.85714
42.24660	0.85714
42.25260	0.85714
42.25860	0.85714
42.26460	0.85714
42.27060	0.85714
42.27660	0.85714
42.28260	0.85714
42.28860	0.85714
42.29460	0.85714
42.30060	0.85714
42.30660	0.85714
42.31260	0.85714
42.31860	0.85714
42.32460	0.85714
42.33060	0.85714
42.33660	0.85714
42.34260	0.85714
42.34860	0.85714
42.35460	0.85714
42.36060	0.85714
42.36660	0.85714
42.37260	0.85714
42.37860	0.85714
42.38460	0.85714
42.39060	0.85714
42.39660	0.85714
42.40260	0.85714
42.40860	0.85714
42.41460	0.85714
42.42060	0.85714
42.42660	0.85714
42.43260	0.85714
42.43860	0.85714
42.44460	0.85714
42.45060	0.85714
42.45660	0.85714
42.46260	0.85714
42.46860	0.85714
42.47460	0.85714
42.48060	0.85714
42.48660	0.85714
42.49260	0.85714
42.49860	0.85714
42.50460	0.85714
42.51060	0.85714
42.51660	0.85714
42.52260	0.85714
42.52860	0.85714
42.53460	0.85714
42.54060	0.85714
42.54660	0.85714
42.55260	0.85714
42.55860	0.85714
42.56460	0.85714
42.57060	0.85714
42.57660	0.85714
42.58260	0.85714
42.58860	0.85714
42.59460	0.85714
42.60060	0.85714
42.60660	0.85714
42.61260	0.85714
42.61860	0.85714
42.62460	0.85714
42.63060	0.85714
42.63660	0.85714
42.64260	0.85714
42.64860	0.85714
42.65460	0.85714
42.66060	0.85714
42.66660	0.85714
42.67260	0.85714
42.67860	0.85714
42.68460	0.85714
42.69060	0.85714
42.69660	0.85714
42.70260	0.85714
42.70860	0.85714
42.71460	0.85714
42.72060	0.85714
42.72660	0.85714
42.73260	0.85714
42.73860	0.85714
42.74460	0.85714
42.75060	0.85714
42.75660	0.85714
42.76260	0.85714
42.76860	0.85714
42.77460	0.85714
42.78060	0.85714
42.78660	0.85714
42.79260	0.85714
42.79860	0.85714
42.80460	0.85714
42.81060	0.85714
42.81660	0.85714
42.82260	0.85714
42.82860	0.85714
42.83460	0.85714
42.84060	0.85714
42.84660	0.85714
42.85260	0.85714
42.85860	0.85714
42.86460	0.85714
42.87060	0.85714
42.87660	0.85714
42.88260	0.85714
42.88860	0.85714
42.89460	0.85714
42.90060	0.85714
42.90660	0.85714
42.91260	0.85714
42.91860	0.85714
42.92460	0.85714
42.93060	0.85714
42.93660	0.85714
42.94260	0.85714
42.94860	0.85714
42.95460	0.85714
42.96060	0.85714
42.96660	0.85714
42.97260	0.85714
42.97860	0.85714
42.98460	0.85714
42.99060	0.85714
42.99660	0.85714
43.00260	0.85714
43.00860	0.85714
43.01460	1.00000
