# Results collected after 10000 snapshots.
148.61566	0.00000
148.61766	0.00000
148.61966	0.00000
148.62166	0.00000
148.62366	0.00000
148.62566	0.00000
148.62766	0.00000
148.62966	0.00000
148.63166	0.00000
148.63366	0.00000
148.63566	0.00000
148.63766	0.00000
148.63966	0.00000
148.64166	0.00000
148.64366	0.00000
148.64566	0.00000
148.64766	0.00000
148.64966	0.00000
148.65166	0.00000
148.65366	0.00000
148.65566	0.00000
148.65766	0.00000
148.65966	0.00000
148.66166	0.00000
148.66366	0.00000
148.66566	0.00000
148.66766	0.00000
148.66966	0.00000
148.67166	0.00000
148.67366	0.00000
148.67566	0.00000
148.67766	0.00000
148.67966	0.00000
148.68166	0.00000
148.68366	0.00000
148.68566	0.00000
148.68766	0.00000
148.68966	0.00000
148.69166	0.00000
148.69366	0.00000
148.69566	0.00000
148.69766	0.00000
148.69966	0.00000
148.70166	0.00000
148.70366	0.00000
148.70566	0.00000
148.70766	0.00000
148.70966	0.00000
148.71166	0.00000
148.71366	0.00000
148.71566	0.00000
148.71766	0.00000
148.71966	0.00000
148.72166	0.00000
148.72366	0.00000
148.72566	0.00000
148.72766	0.00000
148.72966	0.00000
148.73166	0.00000
148.73366	0.00000
148.73566	0.00000
148.73766	0.00000
148.73966	0.00000
148.74166	0.00000
148.74366	0.00000
148.74566	0.00000
148.74766	0.00000
148.74966	0.00000
148.75166	0.00000
148.75366	0.00000
148.75566	0.00000
148.75766	0.00000
148.75966	0.00000
148.76166	0.00000
148.76366	0.00000
148.76566	0.00000
148.76766	0.00000
148.76966	0.00000
148.77166	0.00000
148.77366	0.00000
148.77566	0.00000
148.77766	0.00000
148.77966	0.00000
148.78166	0.00000
148.78366	0.00000
148.78566	0.00000
148.78766	0.00000
148.78966	0.00000
148.79166	0.00000
148.79366	0.00000
148.79566	0.00000
148.79766	0.00000
148.79966	0.00000
148.80166	0.00000
148.80366	0.00000
148.80566	0.00000
148.80766	0.00000
148.80966	0.00000
148.81166	0.00000
148.81366	0.00000
148.81566	0.00000
148.81766	0.00000
148.81966	0.00000
148.82166	0.00000
148.82366	0.00000
148.82566	0.00000
148.82766	0.00000
148.82966	0.00000
148.83166	0.00000
148.83366	0.00000
148.83566	0.00000
148.83766	0.00000
148.83966	0.00000
148.84166	0.00000
148.84366	0.00000
148.84566	0.00000
148.84766	0.00000
148.84966	0.00000
148.85166	0.00000
148.85366	0.00000
148.85566	0.00000
148.85766	0.00000
148.85966	0.00000
148.86166	0.00000
148.86366	0.00000
148.86566	0.00000
148.86766	0.00000
148.86966	0.00000
148.87166	0.00000
148.87366	0.00000
148.87566	0.00000
148.87766	0.00000
148.87966	0.00000
148.88166	0.00000
148.88366	0.00000
148.88566	0.00000
148.88766	0.00000
148.88966	0.00000
148.89166	0.00000
148.89366	0.00000
148.89566	0.00000
148.89766	0.00000
148.89966	0.00000
148.90166	0.00000
148.90366	0.00000
148.90566	0.00000
148.90766	0.00000
148.90966	0.00000
148.91166	0.00000
148.91366	0.00000
148.91566	0.00000
148.91766	0.00000
148.91966	0.00000
148.92166	0.00000
148.92366	0.00000
148.92566	0.00000
148.92766	0.00000
148.92966	0.00000
148.93166	0.00000
148.93366	0.00000
148.93566	0.00000
148.93766	0.00000
148.93966	0.00000
148.94166	0.00000
148.94366	0.00000
148.94566	0.00000
148.94766	0.00000
148.94966	0.00000
148.95166	0.00000
148.95366	0.00000
148.95566	0.00000
148.95766	0.00000
148.95966	0.00000
148.96166	0.00000
148.96366	0.00000
148.96566	0.00000
148.96766	0.00000
148.96966	0.00000
148.97166	0.00000
148.97366	0.00000
148.97566	0.00000
148.97766	0.00000
148.97966	0.00000
148.98166	0.00000
148.98366	0.00000
148.98566	0.00000
148.98766	0.00000
148.98966	0.00000
148.99166	0.00000
148.99366	0.00000
148.99566	0.00000
148.99766	0.00000
148.99966	0.00000
149.00166	0.00000
149.00366	0.00000
149.00566	0.00000
149.00766	0.00000
149.00966	0.00000
149.01166	0.00000
149.01366	0.00000
149.01566	0.00000
149.01766	0.00000
149.01966	0.00000
149.02166	0.00000
149.02366	0.00000
149.02566	0.00000
149.02766	0.00000
149.02966	0.00000
149.03166	0.00000
149.03366	0.00000
149.03566	0.00000
149.03766	0.00000
149.03966	0.00000
149.04166	0.00000
149.04366	0.00000
149.04566	0.00000
149.04766	0.00000
149.04966	0.00000
149.05166	0.00000
149.05366	0.00000
149.05566	0.00000
149.05766	0.00000
149.05966	0.00000
149.06166	0.00000
149.06366	0.00000
149.06566	0.00000
149.06766	0.00000
149.06966	0.00000
149.07166	0.00000
149.07366	0.00000
149.07566	0.00000
149.07766	0.00000
149.07966	0.00000
149.08166	0.00000
149.08366	0.00000
149.08566	0.00000
149.08766	0.00000
149.08966	0.00000
149.09166	0.00000
149.09366	0.00000
149.09566	0.00000
149.09766	0.00000
149.09966	0.00000
149.10166	0.00000
149.10366	0.00000
149.10566	0.00000
149.10766	0.00000
149.10966	0.00000
149.11166	0.00000
149.11366	0.00000
149.11566	1.00000
149.11766	1.00000
149.11966	1.00000
149.12166	1.00000
149.12366	1.00000
149.12566	1.00000
149.12766	1.00000
149.12966	1.00000
149.13166	1.00000
149.13366	1.00000
149.13566	1.00000
149.13766	1.00000
149.13966	1.00000
149.14166	1.00000
149.14366	1.00000
149.14566	1.00000
149.14766	1.00000
149.14966	1.00000
149.15166	1.00000
149.15366	1.00000
149.15566	1.00000
149.15766	1.00000
149.15966	1.00000
149.16166	1.00000
149.16366	1.00000
149.16566	1.00000
149.16766	1.00000
149.16966	1.00000
149.17166	1.00000
149.17366	1.00000
149.17566	1.00000
149.17766	1.00000
149.17966	1.00000
149.18166	1.00000
149.18366	1.00000
149.18566	1.00000
149.18766	1.00000
149.18966	1.00000
149.19166	1.00000
149.19366	1.00000
149.19566	1.00000
149.19766	1.00000
149.19966	1.00000
149.20166	1.00000
149.20366	1.00000
149.20566	1.00000
149.20766	1.00000
149.20966	1.00000
149.21166	1.00000
149.21366	1.00000
149.21566	1.00000
149.21766	1.00000
149.21966	1.00000
149.22166	1.00000
149.22366	1.00000
149.22566	1.00000
149.22766	1.00000
149.22966	1.00000
149.23166	1.00000
149.23366	1.00000
149.23566	1.00000
149.23766	1.00000
149.23966	1.00000
149.24166	1.00000
149.24366	1.00000
149.24566	1.00000
149.24766	1.00000
149.24966	1.00000
149.25166	1.00000
149.25366	1.00000
149.25566	1.00000
149.25766	1.00000
149.25966	1.00000
149.26166	1.00000
149.26366	1.00000
149.26566	1.00000
149.26766	1.00000
149.26966	1.00000
149.27166	1.00000
149.27366	1.00000
149.27566	1.00000
149.27766	1.00000
149.27966	1.00000
149.28166	1.00000
149.28366	1.00000
149.28566	1.00000
149.28766	1.00000
149.28966	1.00000
149.29166	1.00000
149.29366	1.00000
149.29566	1.00000
149.29766	1.00000
149.29966	1.00000
149.30166	1.00000
149.30366	1.00000
149.30566	1.00000
149.30766	1.00000
149.30966	1.00000
149.31166	1.00000
149.31366	1.00000
149.31566	1.00000
149.31766	1.00000
149.31966	1.00000
149.32166	1.00000
149.32366	1.00000
149.32566	1.00000
149.32766	1.00000
149.32966	1.00000
149.33166	1.00000
149.33366	1.00000
149.33566	1.00000
149.33766	1.00000
149.33966	1.00000
149.34166	1.00000
149.34366	1.00000
149.34566	1.00000
149.34766	1.00000
149.34966	1.00000
149.35166	1.00000
149.35366	1.00000
149.35566	1.00000
149.35766	1.00000
149.35966	1.00000
149.36166	1.00000
149.36366	1.00000
149.36566	1.00000
149.36766	1.00000
149.36966	1.00000
149.37166	1.00000
149.37366	1.00000
149.37566	1.00000
149.37766	1.00000
149.37966	1.00000
149.38166	1.00000
149.38366	1.00000
149.38566	1.00000
149.38766	1.00000
149.38966	1.00000
149.39166	1.00000
149.39366	1.00000
149.39566	1.00000
149.39766	1.00000
149.39966	1.00000
149.40166	1.00000
149.40366	1.00000
149.40566	1.00000
149.40766	1.00000
149.40966	1.00000
149.41166	1.00000
149.41366	1.00000
149.41566	1.00000
149.41766	1.00000
149.41966	1.00000
149.42166	1.00000
149.42366	1.00000
149.42566	1.00000
149.42766	1.00000
149.42966	1.00000
149.43166	1.00000
149.43366	1.00000
149.43566	1.00000
149.43766	1.00000
149.43966	1.00000
149.44166	1.00000
149.44366	1.00000
149.44566	1.00000
149.44766	1.00000
149.44966	1.00000
149.45166	1.00000
149.45366	1.00000
149.45566	1.00000
149.45766	1.00000
149.45966	1.00000
149.46166	1.00000
149.46366	1.00000
149.46566	1.00000
149.46766	1.00000
149.46966	1.00000
149.47166	1.00000
149.47366	1.00000
149.47566	1.00000
149.47766	1.00000
149.47966	1.00000
149.48166	1.00000
149.48366	1.00000
149.48566	1.00000
149.48766	1.00000
149.48966	1.00000
149.49166	1.00000
149.49366	1.00000
149.49566	1.00000
149.49766	1.00000
149.49966	1.00000
149.50166	1.00000
149.50366	1.00000
149.50566	1.00000
149.50766	1.00000
149.50966	1.00000
149.51166	1.00000
149.51366	1.00000
149.51566	1.00000
149.51766	1.00000
149.51966	1.00000
149.52166	1.00000
149.52366	1.00000
149.52566	1.00000
149.52766	1.00000
149.52966	1.00000
149.53166	1.00000
149.53366	1.00000
149.53566	1.00000
149.53766	1.00000
149.53966	1.00000
149.54166	1.00000
149.54366	1.00000
149.54566	1.00000
149.54766	1.00000
149.54966	1.00000
149.55166	1.00000
149.55366	1.00000
149.55566	1.00000
149.55766	1.00000
149.55966	1.00000
149.56166	1.00000
149.56366	1.00000
149.56566	1.00000
149.56766	1.00000
149.56966	1.00000
149.57166	1.00000
149.57366	1.00000
149.57566	1.00000
149.57766	1.00000
149.57966	1.00000
149.58166	1.00000
149.58366	1.00000
149.58566	1.00000
149.58766	1.00000
149.58966	1.00000
149.59166	1.00000
149.59366	1.00000
149.59566	1.00000
149.59766	1.00000
149.59966	1.00000
149.60166	1.00000
149.60366	1.00000
149.60566	1.00000
149.60766	1.00000
149.60966	1.00000
149.61166	1.00000
149.61366	1.00000
