# Results collected after 10000 snapshots.
154.72875	0.00000
154.73075	0.00000
154.73275	0.00000
154.73475	0.00000
154.73675	0.00000
154.73875	0.00000
154.74075	0.00000
154.74275	0.00000
154.74475	0.00000
154.74675	0.00000
154.74875	0.00000
154.75075	0.00000
154.75275	0.00000
154.75475	0.00000
154.75675	0.00000
154.75875	0.00000
154.76075	0.00000
154.76275	0.00000
154.76475	0.00000
154.76675	0.00000
154.76875	0.00000
154.77075	0.00000
154.77275	0.00000
154.77475	0.00000
154.77675	0.00000
154.77875	0.00000
154.78075	0.00000
154.78275	0.00000
154.78475	0.00000
154.78675	0.00000
154.78875	0.00000
154.79075	0.00000
154.79275	0.00000
154.79475	0.00000
154.79675	0.00000
154.79875	0.00000
154.80075	0.00000
154.80275	0.00000
154.80475	0.00000
154.80675	0.00000
154.80875	0.00000
154.81075	0.00000
154.81275	0.00000
154.81475	0.00000
154.81675	0.00000
154.81875	0.00000
154.82075	0.00000
154.82275	0.00000
154.82475	0.00000
154.82675	0.00000
154.82875	0.00000
154.83075	0.00000
154.83275	0.00000
154.83475	0.00000
154.83675	0.00000
154.83875	0.00000
154.84075	0.00000
154.84275	0.00000
154.84475	0.00000
154.84675	0.00000
154.84875	0.00000
154.85075	0.00000
154.85275	0.00000
154.85475	0.00000
154.85675	0.00000
154.85875	0.00000
154.86075	0.00000
154.86275	0.00000
154.86475	0.00000
154.86675	0.00000
154.86875	0.00000
154.87075	0.00000
154.87275	0.00000
154.87475	0.00000
154.87675	0.00000
154.87875	0.00000
154.88075	0.00000
154.88275	0.00000
154.88475	0.00000
154.88675	0.00000
154.88875	0.00000
154.89075	0.00000
154.89275	0.00000
154.89475	0.00000
154.89675	0.00000
154.89875	0.00000
154.90075	0.00000
154.90275	0.00000
154.90475	0.00000
154.90675	0.00000
154.90875	0.00000
154.91075	0.00000
154.91275	0.00000
154.91475	0.00000
154.91675	0.00000
154.91875	0.00000
154.92075	0.00000
154.92275	0.00000
154.92475	0.00000
154.92675	0.00000
154.92875	0.00000
154.93075	0.00000
154.93275	0.00000
154.93475	0.00000
154.93675	0.00000
154.93875	0.00000
154.94075	0.00000
154.94275	0.00000
154.94475	0.00000
154.94675	0.00000
154.94875	0.00000
154.95075	0.00000
154.95275	0.00000
154.95475	0.00000
154.95675	0.00000
154.95875	0.00000
154.96075	0.00000
154.96275	0.00000
154.96475	0.00000
154.96675	0.00000
154.96875	0.00000
154.97075	0.00000
154.97275	0.00000
154.97475	0.00000
154.97675	0.00000
154.97875	0.00000
154.98075	0.00000
154.98275	0.00000
154.98475	0.00000
154.98675	0.00000
154.98875	0.00000
154.99075	0.00000
154.99275	0.00000
154.99475	0.00000
154.99675	0.00000
154.99875	0.00000
155.00075	0.00000
155.00275	0.00000
155.00475	0.00000
155.00675	0.00000
155.00875	0.00000
155.01075	0.00000
155.01275	0.00000
155.01475	0.00000
155.01675	0.00000
155.01875	0.00000
155.02075	0.00000
155.02275	0.00000
155.02475	0.00000
155.02675	0.00000
155.02875	0.00000
155.03075	0.00000
155.03275	0.00000
155.03475	0.00000
155.03675	0.00000
155.03875	0.00000
155.04075	0.00000
155.04275	0.00000
155.04475	0.00000
155.04675	0.00000
155.04875	0.00000
155.05075	0.00000
155.05275	0.00000
155.05475	0.00000
155.05675	0.00000
155.05875	0.00000
155.06075	0.00000
155.06275	0.00000
155.06475	0.00000
155.06675	0.00000
155.06875	0.00000
155.07075	0.00000
155.07275	0.00000
155.07475	0.00000
155.07675	0.00000
155.07875	0.00000
155.08075	0.00000
155.08275	0.00000
155.08475	0.00000
155.08675	0.00000
155.08875	0.00000
155.09075	0.00000
155.09275	0.00000
155.09475	0.00000
155.09675	0.00000
155.09875	0.00000
155.10075	0.00000
155.10275	0.00000
155.10475	0.00000
155.10675	0.00000
155.10875	0.00000
155.11075	0.00000
155.11275	0.00000
155.11475	0.00000
155.11675	0.00000
155.11875	0.00000
155.12075	0.00000
155.12275	0.00000
155.12475	0.00000
155.12675	0.00000
155.12875	0.00000
155.13075	0.00000
155.13275	0.00000
155.13475	0.00000
155.13675	0.00000
155.13875	0.00000
155.14075	0.00000
155.14275	0.00000
155.14475	0.00000
155.14675	0.00000
155.14875	0.00000
155.15075	0.00000
155.15275	0.00000
155.15475	0.00000
155.15675	0.00000
155.15875	0.00000
155.16075	0.00000
155.16275	0.00000
155.16475	0.00000
155.16675	0.00000
155.16875	0.00000
155.17075	0.00000
155.17275	0.00000
155.17475	0.00000
155.17675	0.00000
155.17875	0.00000
155.18075	0.00000
155.18275	0.00000
155.18475	0.00000
155.18675	0.00000
155.18875	0.00000
155.19075	0.00000
155.19275	0.00000
155.19475	0.00000
155.19675	0.00000
155.19875	0.00000
155.20075	0.00000
155.20275	0.00000
155.20475	0.00000
155.20675	0.00000
155.20875	0.00000
155.21075	0.00000
155.21275	0.00000
155.21475	0.00000
155.21675	0.00000
155.21875	0.00000
155.22075	0.00000
155.22275	0.00000
155.22475	0.00000
155.22675	0.00000
155.22875	1.00000
155.23075	1.00000
155.23275	1.00000
155.23475	1.00000
155.23675	1.00000
155.23875	1.00000
155.24075	1.00000
155.24275	1.00000
155.24475	1.00000
155.24675	1.00000
155.24875	1.00000
155.25075	1.00000
155.25275	1.00000
155.25475	1.00000
155.25675	1.00000
155.25875	1.00000
155.26075	1.00000
155.26275	1.00000
155.26475	1.00000
155.26675	1.00000
155.26875	1.00000
155.27075	1.00000
155.27275	1.00000
155.27475	1.00000
155.27675	1.00000
155.27875	1.00000
155.28075	1.00000
155.28275	1.00000
155.28475	1.00000
155.28675	1.00000
155.28875	1.00000
155.29075	1.00000
155.29275	1.00000
155.29475	1.00000
155.29675	1.00000
155.29875	1.00000
155.30075	1.00000
155.30275	1.00000
155.30475	1.00000
155.30675	1.00000
155.30875	1.00000
155.31075	1.00000
155.31275	1.00000
155.31475	1.00000
155.31675	1.00000
155.31875	1.00000
155.32075	1.00000
155.32275	1.00000
155.32475	1.00000
155.32675	1.00000
155.32875	1.00000
155.33075	1.00000
155.33275	1.00000
155.33475	1.00000
155.33675	1.00000
155.33875	1.00000
155.34075	1.00000
155.34275	1.00000
155.34475	1.00000
155.34675	1.00000
155.34875	1.00000
155.35075	1.00000
155.35275	1.00000
155.35475	1.00000
155.35675	1.00000
155.35875	1.00000
155.36075	1.00000
155.36275	1.00000
155.36475	1.00000
155.36675	1.00000
155.36875	1.00000
155.37075	1.00000
155.37275	1.00000
155.37475	1.00000
155.37675	1.00000
155.37875	1.00000
155.38075	1.00000
155.38275	1.00000
155.38475	1.00000
155.38675	1.00000
155.38875	1.00000
155.39075	1.00000
155.39275	1.00000
155.39475	1.00000
155.39675	1.00000
155.39875	1.00000
155.40075	1.00000
155.40275	1.00000
155.40475	1.00000
155.40675	1.00000
155.40875	1.00000
155.41075	1.00000
155.41275	1.00000
155.41475	1.00000
155.41675	1.00000
155.41875	1.00000
155.42075	1.00000
155.42275	1.00000
155.42475	1.00000
155.42675	1.00000
155.42875	1.00000
155.43075	1.00000
155.43275	1.00000
155.43475	1.00000
155.43675	1.00000
155.43875	1.00000
155.44075	1.00000
155.44275	1.00000
155.44475	1.00000
155.44675	1.00000
155.44875	1.00000
155.45075	1.00000
155.45275	1.00000
155.45475	1.00000
155.45675	1.00000
155.45875	1.00000
155.46075	1.00000
155.46275	1.00000
155.46475	1.00000
155.46675	1.00000
155.46875	1.00000
155.47075	1.00000
155.47275	1.00000
155.47475	1.00000
155.47675	1.00000
155.47875	1.00000
155.48075	1.00000
155.48275	1.00000
155.48475	1.00000
155.48675	1.00000
155.48875	1.00000
155.49075	1.00000
155.49275	1.00000
155.49475	1.00000
155.49675	1.00000
155.49875	1.00000
155.50075	1.00000
155.50275	1.00000
155.50475	1.00000
155.50675	1.00000
155.50875	1.00000
155.51075	1.00000
155.51275	1.00000
155.51475	1.00000
155.51675	1.00000
155.51875	1.00000
155.52075	1.00000
155.52275	1.00000
155.52475	1.00000
155.52675	1.00000
155.52875	1.00000
155.53075	1.00000
155.53275	1.00000
155.53475	1.00000
155.53675	1.00000
155.53875	1.00000
155.54075	1.00000
155.54275	1.00000
155.54475	1.00000
155.54675	1.00000
155.54875	1.00000
155.55075	1.00000
155.55275	1.00000
155.55475	1.00000
155.55675	1.00000
155.55875	1.00000
155.56075	1.00000
155.56275	1.00000
155.56475	1.00000
155.56675	1.00000
155.56875	1.00000
155.57075	1.00000
155.57275	1.00000
155.57475	1.00000
155.57675	1.00000
155.57875	1.00000
155.58075	1.00000
155.58275	1.00000
155.58475	1.00000
155.58675	1.00000
155.58875	1.00000
155.59075	1.00000
155.59275	1.00000
155.59475	1.00000
155.59675	1.00000
155.59875	1.00000
155.60075	1.00000
155.60275	1.00000
155.60475	1.00000
155.60675	1.00000
155.60875	1.00000
155.61075	1.00000
155.61275	1.00000
155.61475	1.00000
155.61675	1.00000
155.61875	1.00000
155.62075	1.00000
155.62275	1.00000
155.62475	1.00000
155.62675	1.00000
155.62875	1.00000
155.63075	1.00000
155.63275	1.00000
155.63475	1.00000
155.63675	1.00000
155.63875	1.00000
155.64075	1.00000
155.64275	1.00000
155.64475	1.00000
155.64675	1.00000
155.64875	1.00000
155.65075	1.00000
155.65275	1.00000
155.65475	1.00000
155.65675	1.00000
155.65875	1.00000
155.66075	1.00000
155.66275	1.00000
155.66475	1.00000
155.66675	1.00000
155.66875	1.00000
155.67075	1.00000
155.67275	1.00000
155.67475	1.00000
155.67675	1.00000
155.67875	1.00000
155.68075	1.00000
155.68275	1.00000
155.68475	1.00000
155.68675	1.00000
155.68875	1.00000
155.69075	1.00000
155.69275	1.00000
155.69475	1.00000
155.69675	1.00000
155.69875	1.00000
155.70075	1.00000
155.70275	1.00000
155.70475	1.00000
155.70675	1.00000
155.70875	1.00000
155.71075	1.00000
155.71275	1.00000
155.71475	1.00000
155.71675	1.00000
155.71875	1.00000
155.72075	1.00000
155.72275	1.00000
155.72475	1.00000
155.72675	1.00000
