# Results collected after 10000 snapshots.
-4.35271	0.72950
-4.27579	0.73090
-4.19886	0.73250
-4.12194	0.73490
-4.04502	0.73670
-3.96810	0.73900
-3.89118	0.74040
-3.81426	0.74140
-3.73734	0.74400
-3.66042	0.74620
-3.58350	0.74860
-3.50658	0.75060
-3.42966	0.75240
-3.35274	0.75420
-3.27582	0.75600
-3.19890	0.75780
-3.12198	0.75960
-3.04506	0.76140
-2.96814	0.76240
-2.89122	0.76370
-2.81430	0.76500
-2.73738	0.76640
-2.66046	0.76830
-2.58354	0.77000
-2.50662	0.77120
-2.42970	0.77290
-2.35278	0.77510
-2.27586	0.77670
-2.19894	0.77840
-2.12201	0.78010
-2.04509	0.78150
-1.96817	0.78310
-1.89125	0.78480
-1.81433	0.78590
-1.73741	0.78740
-1.66049	0.78860
-1.58357	0.78970
-1.50665	0.79160
-1.42973	0.79260
-1.35281	0.79460
-1.27589	0.79610
-1.19897	0.79730
-1.12205	0.79810
-1.04513	0.79920
-0.96821	0.80080
-0.89129	0.80280
-0.81437	0.80380
-0.73745	0.80510
-0.66053	0.80570
-0.58361	0.80690
-0.50669	0.80860
-0.42977	0.80980
-0.35285	0.81140
-0.27593	0.81300
-0.19901	0.81420
-0.12208	0.81500
-0.04516	0.81680
0.03176	0.81820
0.10868	0.81910
0.18560	0.82030
0.26252	0.82160
0.33944	0.82290
0.41636	0.82390
0.49328	0.82560
0.57020	0.82750
0.64712	0.82840
0.72404	0.82950
0.80096	0.83060
0.87788	0.83150
0.95480	0.83280
1.03172	0.83400
1.10864	0.83570
1.18556	0.83710
1.26248	0.83770
1.33940	0.83860
1.41632	0.84010
1.49324	0.84190
1.57016	0.84270
1.64708	0.84400
1.72400	0.84510
1.80092	0.84640
1.87785	0.84740
1.95477	0.84890
2.03169	0.85010
2.10861	0.85100
2.18553	0.85180
2.26245	0.85260
2.33937	0.85360
2.41629	0.85480
2.49321	0.85570
2.57013	0.85680
2.64705	0.85740
2.72397	0.85820
2.80089	0.85920
2.87781	0.86120
2.95473	0.86190
3.03165	0.86330
3.10857	0.86390
3.18549	0.86490
3.26241	0.86590
3.33933	0.86670
3.41625	0.86790
3.49317	0.86920
3.57009	0.87020
3.64701	0.87110
3.72393	0.87170
3.80085	0.87290
3.87778	0.87420
3.95470	0.87430
4.03162	0.87490
4.10854	0.87590
4.18546	0.87690
4.26238	0.87750
4.33930	0.87830
4.41622	0.87950
4.49314	0.87990
4.57006	0.88120
4.64698	0.88210
4.72390	0.88270
4.80082	0.88370
4.87774	0.88470
4.95466	0.88550
5.03158	0.88630
5.10850	0.88720
5.18542	0.88750
5.26234	0.88850
5.33926	0.88910
5.41618	0.89040
5.49310	0.89210
5.57002	0.89290
5.64694	0.89350
5.72386	0.89410
5.80078	0.89480
5.87770	0.89550
5.95463	0.89610
6.03155	0.89720
6.10847	0.89770
6.18539	0.89840
6.26231	0.89900
6.33923	0.89980
6.41615	0.90070
6.49307	0.90120
6.56999	0.90180
6.64691	0.90270
6.72383	0.90380
6.80075	0.90450
6.87767	0.90520
6.95459	0.90590
7.03151	0.90600
7.10843	0.90720
7.18535	0.90790
7.26227	0.90830
7.33919	0.90900
7.41611	0.90950
7.49303	0.91020
7.56995	0.91100
7.64687	0.91160
7.72379	0.91200
7.80071	0.91280
7.87763	0.91350
7.95456	0.91390
8.03148	0.91460
8.10840	0.91530
8.18532	0.91610
8.26224	0.91670
8.33916	0.91710
8.41608	0.91770
8.49300	0.91830
8.56992	0.91840
8.64684	0.91890
8.72376	0.91950
8.80068	0.92010
8.87760	0.92090
8.95452	0.92140
9.03144	0.92210
9.10836	0.92240
9.18528	0.92320
9.26220	0.92410
9.33912	0.92470
9.41604	0.92500
9.49296	0.92550
9.56988	0.92590
9.64680	0.92680
9.72372	0.92750
9.80064	0.92850
9.87756	0.92890
9.95449	0.92990
10.03141	0.93070
10.10833	0.93090
10.18525	0.93150
10.26217	0.93180
10.33909	0.93230
10.41601	0.93270
10.49293	0.93320
10.56985	0.93350
10.64677	0.93420
10.72369	0.93490
10.80061	0.93550
10.87753	0.93590
10.95445	0.93650
11.03137	0.93710
11.10829	0.93730
11.18521	0.93810
11.26213	0.93890
11.33905	0.93930
11.41597	0.93970
11.49289	0.94050
11.56981	0.94100
11.64673	0.94200
11.72365	0.94240
11.80057	0.94280
11.87749	0.94400
11.95441	0.94470
12.03134	0.94500
12.10826	0.94530
12.18518	0.94580
12.26210	0.94610
12.33902	0.94650
12.41594	0.94710
12.49286	0.94780
12.56978	0.94830
12.64670	0.94890
12.72362	0.94960
12.80054	0.95000
12.87746	0.95130
12.95438	0.95190
13.03130	0.95240
13.10822	0.95260
13.18514	0.95330
13.26206	0.95380
13.33898	0.95470
13.41590	0.95510
13.49282	0.95540
13.56974	0.95570
13.64666	0.95610
13.72358	0.95640
13.80050	0.95670
13.87742	0.95720
13.95434	0.95730
14.03127	0.95790
14.10819	0.95830
14.18511	0.95870
14.26203	0.95880
14.33895	0.95920
14.41587	0.96010
14.49279	0.96070
14.56971	0.96100
14.64663	0.96160
14.72355	0.96190
14.80047	0.96250
14.87739	0.96300
14.95431	0.96370
15.03123	0.96410
15.10815	0.96460
15.18507	0.96470
15.26199	0.96530
15.33891	0.96560
15.41583	0.96580
15.49275	0.96640
15.56967	0.96660
15.64659	0.96690
15.72351	0.96740
15.80043	0.96780
15.87735	0.96810
15.95427	0.96840
16.03120	0.96880
16.10812	0.96930
16.18504	0.97000
16.26196	0.97030
16.33888	0.97050
16.41580	0.97100
16.49272	0.97140
16.56964	0.97190
16.64656	0.97210
16.72348	0.97320
16.80040	0.97350
16.87732	0.97400
16.95424	0.97420
17.03116	0.97450
17.10808	0.97520
17.18500	0.97590
17.26192	0.97640
17.33884	0.97680
17.41576	0.97710
17.49268	0.97770
17.56960	0.97790
17.64652	0.97820
17.72344	0.97840
17.80036	0.97870
17.87728	0.97900
17.95420	0.97930
18.03113	0.97980
18.10805	0.98020
18.18497	0.98030
18.26189	0.98090
18.33881	0.98110
18.41573	0.98140
18.49265	0.98170
18.56957	0.98200
18.64649	0.98210
18.72341	0.98260
18.80033	0.98260
18.87725	0.98280
18.95417	0.98300
19.03109	0.98310
19.10801	0.98330
19.18493	0.98350
19.26185	0.98390
19.33877	0.98390
19.41569	0.98410
19.49261	0.98430
19.56953	0.98450
19.64645	0.98450
19.72337	0.98490
19.80029	0.98510
19.87721	0.98520
19.95413	0.98520
20.03105	0.98540
20.10798	0.98550
20.18490	0.98580
20.26182	0.98600
20.33874	0.98620
20.41566	0.98650
20.49258	0.98670
20.56950	0.98690
20.64642	0.98700
20.72334	0.98730
20.80026	0.98740
20.87718	0.98760
20.95410	0.98770
21.03102	0.98790
21.10794	0.98800
21.18486	0.98810
21.26178	0.98820
21.33870	0.98830
21.41562	0.98850
21.49254	0.98890
21.56946	0.98890
21.64638	0.98900
21.72330	0.98930
21.80022	0.98950
21.87714	0.98990
21.95406	0.99000
22.03098	0.99020
22.10791	0.99020
22.18483	0.99030
22.26175	0.99030
22.33867	0.99040
22.41559	0.99050
22.49251	0.99070
22.56943	0.99090
22.64635	0.99120
22.72327	0.99140
22.80019	0.99140
22.87711	0.99160
22.95403	0.99170
23.03095	0.99170
23.10787	0.99170
23.18479	0.99190
23.26171	0.99190
23.33863	0.99190
23.41555	0.99200
23.49247	0.99610
23.56939	0.99610
23.64631	0.99610
23.72323	0.99620
23.80015	0.99630
23.87707	0.99630
23.95399	0.99640
24.03091	0.99640
24.10784	0.99640
24.18476	0.99640
24.26168	0.99650
24.33860	0.99650
24.41552	0.99650
24.49244	0.99660
24.56936	0.99660
24.64628	0.99660
24.72320	0.99660
24.80012	0.99660
24.87704	0.99670
24.95396	0.99670
25.03088	0.99670
25.10780	0.99670
25.18472	0.99670
25.26164	0.99680
25.33856	0.99680
25.41548	0.99680
25.49240	0.99710
25.56932	0.99720
25.64624	0.99730
25.72316	0.99730
25.80008	0.99730
25.87700	0.99730
25.95392	0.99730
26.03084	0.99730
26.10777	0.99740
26.18469	0.99740
26.26161	0.99750
26.33853	0.99750
26.41545	0.99750
26.49237	0.99750
26.56929	0.99750
26.64621	0.99750
26.72313	0.99760
26.80005	0.99760
26.87697	0.99760
26.95389	0.99760
27.03081	0.99760
27.10773	0.99770
27.18465	0.99770
27.26157	0.99770
27.33849	0.99770
27.41541	0.99770
27.49233	0.99770
27.56925	0.99790
27.64617	0.99790
27.72309	0.99810
27.80001	0.99810
27.87693	0.99810
27.95385	0.99820
28.03077	0.99820
28.10769	0.99820
28.18462	0.99830
28.26154	0.99830
28.33846	0.99830
28.41538	0.99830
28.49230	0.99830
28.56922	0.99830
28.64614	0.99830
28.72306	0.99830
28.79998	0.99830
28.87690	0.99830
28.95382	0.99830
29.03074	0.99830
29.10766	0.99830
29.18458	0.99830
29.26150	0.99830
29.33842	0.99840
29.41534	0.99840
29.49226	0.99840
29.56918	0.99850
29.64610	0.99850
29.72302	0.99850
29.79994	0.99850
29.87686	0.99850
29.95378	0.99850
30.03070	0.99850
30.10762	0.99860
30.18455	0.99870
30.26147	0.99870
30.33839	0.99880
30.41531	0.99880
30.49223	0.99880
30.56915	0.99880
30.64607	0.99880
30.72299	0.99880
30.79991	0.99880
30.87683	0.99880
30.95375	0.99890
31.03067	0.99900
31.10759	0.99910
31.18451	0.99920
31.26143	0.99920
31.33835	0.99920
31.41527	0.99930
31.49219	0.99930
31.56911	0.99930
31.64603	0.99930
31.72295	0.99930
31.79987	0.99930
31.87679	0.99940
31.95371	0.99940
32.03063	0.99950
32.10755	0.99950
32.18448	0.99950
32.26140	0.99950
32.33832	0.99950
32.41524	0.99950
32.49216	0.99950
32.56908	0.99950
32.64600	0.99950
32.72292	0.99950
32.79984	0.99960
32.87676	0.99960
32.95368	0.99960
33.03060	0.99960
33.10752	0.99960
33.18444	0.99960
33.26136	0.99960
33.33828	0.99960
33.41520	0.99960
33.49212	0.99960
33.56904	0.99970
33.64596	0.99980
33.72288	0.99980
33.79980	0.99980
33.87672	0.99990
33.95364	0.99990
34.03056	1.00000
